Freq (GHz) S11_real  S11_img S21_real  S21_img
    8.30  -0.4331  -0.0813   0.1732  -0.2437
    8.30  -0.4323  -0.0812   0.1740  -0.2435
    8.31  -0.4314  -0.0811   0.1748  -0.2432
    8.31  -0.4305  -0.0810   0.1757  -0.2429
    8.31  -0.4296  -0.0809   0.1765  -0.2426
    8.31  -0.4287  -0.0808   0.1773  -0.2423
    8.32  -0.4278  -0.0807   0.1781  -0.2421
    8.32  -0.4269  -0.0806   0.1790  -0.2418
    8.32  -0.4260  -0.0805   0.1798  -0.2415
    8.32  -0.4251  -0.0804   0.1806  -0.2412
    8.33  -0.4242  -0.0803   0.1814  -0.2409
    8.33  -0.4233  -0.0802   0.1822  -0.2406
    8.33  -0.4225  -0.0801   0.1830  -0.2403
    8.33  -0.4216  -0.0799   0.1838  -0.2400
    8.34  -0.4207  -0.0798   0.1846  -0.2397
    8.34  -0.4198  -0.0797   0.1854  -0.2394
    8.34  -0.4189  -0.0796   0.1862  -0.2391
    8.34  -0.4181  -0.0795   0.1870  -0.2388
    8.35  -0.4172  -0.0793   0.1877  -0.2384
    8.35  -0.4163  -0.0792   0.1885  -0.2381
    8.35  -0.4154  -0.0791   0.1893  -0.2378
    8.35  -0.4146  -0.0790   0.1901  -0.2375
    8.36  -0.4137  -0.0788   0.1908  -0.2372
    8.36  -0.4128  -0.0787   0.1916  -0.2368
    8.36  -0.4120  -0.0786   0.1924  -0.2365
    8.36  -0.4111  -0.0784   0.1931  -0.2362
    8.37  -0.4103  -0.0783   0.1939  -0.2359
    8.37  -0.4094  -0.0782   0.1946  -0.2355
    8.37  -0.4085  -0.0780   0.1954  -0.2352
    8.37  -0.4077  -0.0779   0.1961  -0.2349
    8.38  -0.4068  -0.0777   0.1968  -0.2345
    8.38  -0.4060  -0.0776   0.1976  -0.2342
    8.38  -0.4051  -0.0774   0.1983  -0.2338
    8.38  -0.4043  -0.0773   0.1990  -0.2335
    8.39  -0.4035  -0.0771   0.1997  -0.2332
    8.39  -0.4026  -0.0770   0.2005  -0.2328
    8.39  -0.4018  -0.0768   0.2012  -0.2325
    8.39  -0.4010  -0.0767   0.2019  -0.2321
    8.40  -0.4001  -0.0765   0.2026  -0.2318
    8.40  -0.3993  -0.0764   0.2033  -0.2314
    8.40  -0.3985  -0.0762   0.2040  -0.2311
    8.41  -0.3976  -0.0761   0.2047  -0.2307
    8.41  -0.3968  -0.0759   0.2053  -0.2304
    8.41  -0.3960  -0.0757   0.2060  -0.2300
    8.41  -0.3952  -0.0756   0.2067  -0.2297
    8.42  -0.3944  -0.0754   0.2074  -0.2293
    8.42  -0.3936  -0.0752   0.2080  -0.2290
    8.42  -0.3928  -0.0751   0.2087  -0.2286
    8.42  -0.3920  -0.0749   0.2094  -0.2282
    8.43  -0.3912  -0.0747   0.2100  -0.2279
    8.43  -0.3904  -0.0746   0.2107  -0.2275
    8.43  -0.3896  -0.0744   0.2113  -0.2272
    8.43  -0.3888  -0.0742   0.2119  -0.2268
    8.44  -0.3880  -0.0741   0.2126  -0.2265
    8.44  -0.3872  -0.0739   0.2132  -0.2261
    8.44  -0.3865  -0.0737   0.2138  -0.2257
    8.44  -0.3857  -0.0735   0.2144  -0.2254
    8.45  -0.3849  -0.0734   0.2150  -0.2250
    8.45  -0.3842  -0.0732   0.2156  -0.2247
    8.45  -0.3834  -0.0730   0.2162  -0.2243
    8.45  -0.3826  -0.0728   0.2168  -0.2240
    8.46  -0.3819  -0.0727   0.2174  -0.2236
    8.46  -0.3811  -0.0725   0.2180  -0.2232
    8.46  -0.3804  -0.0723   0.2186  -0.2229
    8.46  -0.3796  -0.0721   0.2192  -0.2225
    8.47  -0.3789  -0.0720   0.2197  -0.2222
    8.47  -0.3782  -0.0718   0.2203  -0.2218
    8.47  -0.3774  -0.0716   0.2209  -0.2215
    8.47  -0.3767  -0.0714   0.2214  -0.2211
    8.48  -0.3760  -0.0713   0.2220  -0.2208
    8.48  -0.3753  -0.0711   0.2225  -0.2204
    8.48  -0.3746  -0.0709   0.2231  -0.2201
    8.48  -0.3738  -0.0707   0.2236  -0.2197
    8.49  -0.3731  -0.0705   0.2241  -0.2194
    8.49  -0.3724  -0.0704   0.2246  -0.2190
    8.49  -0.3717  -0.0702   0.2251  -0.2187
    8.49  -0.3710  -0.0700   0.2257  -0.2183
    8.50  -0.3704  -0.0698   0.2262  -0.2180
    8.50  -0.3697  -0.0697   0.2267  -0.2176
    8.50  -0.3690  -0.0695   0.2272  -0.2173
    8.51  -0.3683  -0.0693   0.2276  -0.2170
    8.51  -0.3677  -0.0691   0.2281  -0.2166
    8.51  -0.3670  -0.0689   0.2286  -0.2163
    8.51  -0.3663  -0.0688   0.2291  -0.2159
    8.52  -0.3657  -0.0686   0.2295  -0.2156
    8.52  -0.3650  -0.0684   0.2300  -0.2153
    8.52  -0.3644  -0.0682   0.2304  -0.2150
    8.52  -0.3637  -0.0681   0.2309  -0.2146
    8.53  -0.3631  -0.0679   0.2313  -0.2143
    8.53  -0.3625  -0.0677   0.2318  -0.2140
    8.53  -0.3618  -0.0676   0.2322  -0.2137
    8.53  -0.3612  -0.0674   0.2326  -0.2133
    8.54  -0.3606  -0.0672   0.2330  -0.2130
    8.54  -0.3600  -0.0670   0.2335  -0.2127
    8.54  -0.3594  -0.0669   0.2339  -0.2124
    8.54  -0.3588  -0.0667   0.2343  -0.2121
    8.55  -0.3582  -0.0665   0.2347  -0.2118
    8.55  -0.3576  -0.0664   0.2350  -0.2115
    8.55  -0.3570  -0.0662   0.2354  -0.2112
    8.55  -0.3564  -0.0661   0.2358  -0.2109
    8.56  -0.3559  -0.0659   0.2362  -0.2106
    8.56  -0.3553  -0.0657   0.2365  -0.2103
    8.56  -0.3547  -0.0656   0.2369  -0.2100
    8.56  -0.3542  -0.0654   0.2373  -0.2097
    8.57  -0.3536  -0.0653   0.2376  -0.2094
    8.57  -0.3531  -0.0651   0.2379  -0.2091
    8.57  -0.3525  -0.0650   0.2383  -0.2089
    8.57  -0.3520  -0.0648   0.2386  -0.2086
    8.58  -0.3515  -0.0646   0.2389  -0.2083
    8.58  -0.3509  -0.0645   0.2393  -0.2080
    8.58  -0.3504  -0.0644   0.2396  -0.2078
    8.58  -0.3499  -0.0642   0.2399  -0.2075
    8.59  -0.3494  -0.0641   0.2402  -0.2072
    8.59  -0.3489  -0.0639   0.2405  -0.2070
    8.59  -0.3484  -0.0638   0.2408  -0.2067
    8.59  -0.3479  -0.0636   0.2410  -0.2065
    8.60  -0.3474  -0.0635   0.2413  -0.2062
    8.60  -0.3469  -0.0634   0.2416  -0.2060
    8.60  -0.3465  -0.0632   0.2418  -0.2057
    8.60  -0.3460  -0.0631   0.2421  -0.2055
    8.61  -0.3455  -0.0630   0.2424  -0.2053
    8.61  -0.3451  -0.0628   0.2426  -0.2051
    8.61  -0.3446  -0.0627   0.2428  -0.2048
    8.62  -0.3442  -0.0626   0.2431  -0.2046
    8.62  -0.3437  -0.0625   0.2433  -0.2044
    8.62  -0.3433  -0.0624   0.2435  -0.2042
    8.62  -0.3429  -0.0622   0.2437  -0.2040
    8.63  -0.3424  -0.0621   0.2440  -0.2038
    8.63  -0.3420  -0.0620   0.2442  -0.2036
    8.63  -0.3416  -0.0619   0.2444  -0.2034
    8.63  -0.3412  -0.0618   0.2445  -0.2032
    8.64  -0.3408  -0.0617   0.2447  -0.2030
    8.64  -0.3404  -0.0616   0.2449  -0.2028
    8.64  -0.3400  -0.0615   0.2451  -0.2026
    8.64  -0.3396  -0.0614   0.2453  -0.2024
    8.65  -0.3393  -0.0613   0.2454  -0.2023
    8.65  -0.3389  -0.0612   0.2456  -0.2021
    8.65  -0.3385  -0.0611   0.2457  -0.2019
    8.65  -0.3382  -0.0610   0.2459  -0.2018
    8.66  -0.3378  -0.0609   0.2460  -0.2016
    8.66  -0.3375  -0.0608   0.2461  -0.2015
    8.66  -0.3371  -0.0607   0.2463  -0.2013
    8.66  -0.3368  -0.0607   0.2464  -0.2012
    8.67  -0.3365  -0.0606   0.2465  -0.2010
    8.67  -0.3362  -0.0605   0.2466  -0.2009
    8.67  -0.3358  -0.0604   0.2467  -0.2008
    8.67  -0.3355  -0.0604   0.2468  -0.2007
    8.68  -0.3352  -0.0603   0.2469  -0.2005
    8.68  -0.3349  -0.0602   0.2470  -0.2004
    8.68  -0.3346  -0.0602   0.2471  -0.2003
    8.68  -0.3344  -0.0601   0.2471  -0.2002
    8.69  -0.3341  -0.0601   0.2472  -0.2001
    8.69  -0.3338  -0.0600   0.2473  -0.2000
    8.69  -0.3335  -0.0600   0.2473  -0.1999
    8.69  -0.3333  -0.0599   0.2474  -0.1998
    8.70  -0.3330  -0.0599   0.2474  -0.1997
    8.70  -0.3328  -0.0598   0.2474  -0.1997
    8.70  -0.3325  -0.0598   0.2475  -0.1996
    8.70  -0.3323  -0.0597   0.2475  -0.1995
    8.71  -0.3321  -0.0597   0.2475  -0.1995
    8.71  -0.3319  -0.0597   0.2475  -0.1994
    8.71  -0.3316  -0.0596   0.2475  -0.1993
    8.72  -0.3314  -0.0596   0.2475  -0.1993
    8.72  -0.3312  -0.0596   0.2475  -0.1993
    8.72  -0.3310  -0.0596   0.2475  -0.1992
    8.72  -0.3308  -0.0595   0.2475  -0.1992
    8.73  -0.3306  -0.0595   0.2475  -0.1992
    8.73  -0.3305  -0.0595   0.2474  -0.1991
    8.73  -0.3303  -0.0595   0.2474  -0.1991
    8.73  -0.3301  -0.0595   0.2474  -0.1991
    8.74  -0.3300  -0.0595   0.2473  -0.1991
    8.74  -0.3298  -0.0595   0.2473  -0.1991
    8.74  -0.3297  -0.0595   0.2472  -0.1991
    8.74  -0.3295  -0.0595   0.2471  -0.1991
    8.75  -0.3294  -0.0595   0.2471  -0.1991
    8.75  -0.3292  -0.0595   0.2470  -0.1991
    8.75  -0.3291  -0.0595   0.2469  -0.1991
    8.75  -0.3290  -0.0595   0.2468  -0.1991
    8.76  -0.3289  -0.0596   0.2467  -0.1992
    8.76  -0.3288  -0.0596   0.2466  -0.1992
    8.76  -0.3287  -0.0596   0.2465  -0.1992
    8.76  -0.3286  -0.0596   0.2464  -0.1993
    8.77  -0.3285  -0.0596   0.2463  -0.1993
    8.77  -0.3284  -0.0597   0.2461  -0.1994
    8.77  -0.3283  -0.0597   0.2460  -0.1994
    8.77  -0.3283  -0.0597   0.2459  -0.1995
    8.78  -0.3282  -0.0598   0.2457  -0.1996
    8.78  -0.3281  -0.0598   0.2456  -0.1996
    8.78  -0.3281  -0.0599   0.2454  -0.1997
    8.78  -0.3280  -0.0599   0.2453  -0.1998
    8.79  -0.3280  -0.0600   0.2451  -0.1999
    8.79  -0.3280  -0.0600   0.2449  -0.2000
    8.79  -0.3279  -0.0601   0.2447  -0.2000
    8.79  -0.3279  -0.0601   0.2446  -0.2001
    8.80  -0.3279  -0.0602   0.2444  -0.2002
    8.80  -0.3279  -0.0602   0.2442  -0.2004
    8.80  -0.3279  -0.0603   0.2440  -0.2005
    8.80  -0.3279  -0.0604   0.2438  -0.2006
    8.81  -0.3279  -0.0604   0.2435  -0.2007
    8.81  -0.3279  -0.0605   0.2433  -0.2008
    8.81  -0.3279  -0.0606   0.2431  -0.2010
    8.82  -0.3280  -0.0607   0.2429  -0.2011
    8.82  -0.3280  -0.0607   0.2426  -0.2012
    8.82  -0.3280  -0.0608   0.2424  -0.2014
    8.82  -0.3281  -0.0609   0.2421  -0.2015
    8.83  -0.3281  -0.0610   0.2419  -0.2017
    8.83  -0.3282  -0.0611   0.2416  -0.2018
    8.83  -0.3283  -0.0612   0.2413  -0.2020
    8.83  -0.3283  -0.0612   0.2410  -0.2021
    8.84  -0.3284  -0.0613   0.2408  -0.2023
    8.84  -0.3285  -0.0614   0.2405  -0.2025
    8.84  -0.3286  -0.0615   0.2402  -0.2027
    8.84  -0.3287  -0.0616   0.2399  -0.2028
    8.85  -0.3287  -0.0617   0.2396  -0.2030
    8.85  -0.3288  -0.0618   0.2393  -0.2032
    8.85  -0.3290  -0.0619   0.2389  -0.2034
    8.85  -0.3291  -0.0620   0.2386  -0.2036
    8.86  -0.3292  -0.0622   0.2383  -0.2038
    8.86  -0.3293  -0.0623   0.2380  -0.2040
    8.86  -0.3294  -0.0624   0.2376  -0.2042
    8.86  -0.3296  -0.0625   0.2373  -0.2044
    8.87  -0.3297  -0.0626   0.2369  -0.2046
    8.87  -0.3299  -0.0627   0.2366  -0.2048
    8.87  -0.3300  -0.0628   0.2362  -0.2051
    8.87  -0.3302  -0.0630   0.2358  -0.2053
    8.88  -0.3303  -0.0631   0.2354  -0.2055
    8.88  -0.3305  -0.0632   0.2351  -0.2057
    8.88  -0.3307  -0.0633   0.2347  -0.2060
    8.88  -0.3309  -0.0635   0.2343  -0.2062
    8.89  -0.3310  -0.0636   0.2339  -0.2064
    8.89  -0.3312  -0.0637   0.2335  -0.2067
    8.89  -0.3314  -0.0638   0.2330  -0.2069
    8.89  -0.3316  -0.0640   0.2326  -0.2072
    8.90  -0.3318  -0.0641   0.2322  -0.2074
    8.90  -0.3320  -0.0642   0.2318  -0.2077
    8.90  -0.3323  -0.0644   0.2313  -0.2080
    8.90  -0.3325  -0.0645   0.2309  -0.2082
    8.91  -0.3327  -0.0647   0.2304  -0.2085
    8.91  -0.3329  -0.0648   0.2300  -0.2088
    8.91  -0.3332  -0.0649   0.2295  -0.2090
    8.91  -0.3334  -0.0651   0.2291  -0.2093
    8.92  -0.3337  -0.0652   0.2286  -0.2096
    8.92  -0.3339  -0.0654   0.2281  -0.2098
    8.92  -0.3342  -0.0655   0.2276  -0.2101
    8.93  -0.3344  -0.0656   0.2271  -0.2104
    8.93  -0.3347  -0.0658   0.2266  -0.2107
    8.93  -0.3350  -0.0659   0.2261  -0.2110
    8.93  -0.3352  -0.0661   0.2256  -0.2113
    8.94  -0.3355  -0.0662   0.2251  -0.2116
    8.94  -0.3358  -0.0664   0.2246  -0.2119
    8.94  -0.3361  -0.0665   0.2241  -0.2122
    8.94  -0.3364  -0.0667   0.2235  -0.2125
    8.95  -0.3367  -0.0668   0.2230  -0.2128
    8.95  -0.3370  -0.0670   0.2225  -0.2131
    8.95  -0.3373  -0.0671   0.2219  -0.2134
    8.95  -0.3376  -0.0673   0.2214  -0.2137
    8.96  -0.3379  -0.0674   0.2208  -0.2140
    8.96  -0.3382  -0.0676   0.2202  -0.2143
    8.96  -0.3386  -0.0677   0.2197  -0.2146
    8.96  -0.3389  -0.0679   0.2191  -0.2149
    8.97  -0.3392  -0.0680   0.2185  -0.2152
    8.97  -0.3396  -0.0682   0.2179  -0.2155
    8.97  -0.3399  -0.0683   0.2173  -0.2159
    8.97  -0.3403  -0.0685   0.2167  -0.2162
    8.98  -0.3406  -0.0686   0.2161  -0.2165
    8.98  -0.3410  -0.0688   0.2155  -0.2168
    8.98  -0.3413  -0.0690   0.2149  -0.2171
    8.98  -0.3417  -0.0691   0.2143  -0.2175
    8.99  -0.3420  -0.0693   0.2136  -0.2178
    8.99  -0.3424  -0.0694   0.2130  -0.2181
    8.99  -0.3428  -0.0696   0.2124  -0.2184
    8.99  -0.3432  -0.0697   0.2117  -0.2188
    9.00  -0.3435  -0.0699   0.2111  -0.2191
    9.00  -0.3439  -0.0700   0.2104  -0.2194
    9.00  -0.3443  -0.0702   0.2098  -0.2197
    9.00  -0.3447  -0.0703   0.2091  -0.2201
    9.01  -0.3451  -0.0705   0.2084  -0.2204
    9.01  -0.3455  -0.0706   0.2078  -0.2207
    9.01  -0.3459  -0.0708   0.2071  -0.2211
    9.01  -0.3463  -0.0709   0.2064  -0.2214
    9.02  -0.3467  -0.0710   0.2057  -0.2217
    9.02  -0.3471  -0.0712   0.2050  -0.2220
    9.02  -0.3475  -0.0713   0.2043  -0.2224
    9.03  -0.3479  -0.0715   0.2036  -0.2227
    9.03  -0.3484  -0.0716   0.2029  -0.2230
    9.03  -0.3488  -0.0718   0.2022  -0.2234
    9.03  -0.3492  -0.0719   0.2015  -0.2237
    9.04  -0.3496  -0.0721   0.2007  -0.2240
    9.04  -0.3501  -0.0722   0.2000  -0.2244
    9.04  -0.3505  -0.0723   0.1993  -0.2247
    9.04  -0.3509  -0.0725   0.1985  -0.2250
    9.05  -0.3514  -0.0726   0.1978  -0.2253
    9.05  -0.3518  -0.0728   0.1970  -0.2257
    9.05  -0.3523  -0.0729   0.1963  -0.2260
    9.05  -0.3527  -0.0730   0.1955  -0.2263
    9.06  -0.3532  -0.0732   0.1947  -0.2266
    9.06  -0.3536  -0.0733   0.1940  -0.2270
    9.06  -0.3541  -0.0734   0.1932  -0.2273
    9.06  -0.3545  -0.0736   0.1924  -0.2276
    9.07  -0.3550  -0.0737   0.1916  -0.2279
    9.07  -0.3554  -0.0738   0.1908  -0.2283
    9.07  -0.3559  -0.0739   0.1900  -0.2286
    9.07  -0.3564  -0.0741   0.1892  -0.2289
    9.08  -0.3568  -0.0742   0.1884  -0.2292
    9.08  -0.3573  -0.0743   0.1876  -0.2295
    9.08  -0.3578  -0.0744   0.1868  -0.2298
    9.08  -0.3582  -0.0746   0.1860  -0.2302
    9.09  -0.3587  -0.0747   0.1852  -0.2305
    9.09  -0.3592  -0.0748   0.1844  -0.2308
    9.09  -0.3597  -0.0749   0.1835  -0.2311
    9.09  -0.3601  -0.0750   0.1827  -0.2314
    9.10  -0.3606  -0.0752   0.1819  -0.2317
    9.10  -0.3611  -0.0753   0.1810  -0.2320
    9.10  -0.3616  -0.0754   0.1802  -0.2323
    9.10  -0.3621  -0.0755   0.1793  -0.2326
    9.11  -0.3626  -0.0756   0.1785  -0.2329
    9.11  -0.3630  -0.0757   0.1776  -0.2332
    9.11  -0.3635  -0.0758   0.1768  -0.2335
    9.11  -0.3640  -0.0759   0.1759  -0.2338
    9.12  -0.3645  -0.0760   0.1751  -0.2341
    9.12  -0.3650  -0.0761   0.1742  -0.2344
    9.12  -0.3655  -0.0762   0.1733  -0.2347
    9.13  -0.3660  -0.0763   0.1724  -0.2349
    9.13  -0.3665  -0.0764   0.1715  -0.2352
    9.13  -0.3670  -0.0765   0.1707  -0.2355
    9.13  -0.3675  -0.0766   0.1698  -0.2358
    9.14  -0.3680  -0.0767   0.1689  -0.2361
    9.14  -0.3685  -0.0768   0.1680  -0.2363
    9.14  -0.3690  -0.0769   0.1671  -0.2366
    9.14  -0.3695  -0.0770   0.1662  -0.2369
    9.15  -0.3700  -0.0770   0.1653  -0.2371
    9.15  -0.3705  -0.0771   0.1644  -0.2374
    9.15  -0.3710  -0.0772   0.1635  -0.2377
    9.15  -0.3715  -0.0773   0.1626  -0.2379
    9.16  -0.3720  -0.0774   0.1616  -0.2382
    9.16  -0.3725  -0.0775   0.1607  -0.2384
    9.16  -0.3730  -0.0775   0.1598  -0.2387
    9.16  -0.3735  -0.0776   0.1589  -0.2389
    9.17  -0.3740  -0.0777   0.1579  -0.2391
    9.17  -0.3745  -0.0778   0.1570  -0.2394
    9.17  -0.3750  -0.0778   0.1561  -0.2396
    9.17  -0.3755  -0.0779   0.1551  -0.2399
    9.18  -0.3759  -0.0780   0.1542  -0.2401
    9.18  -0.3764  -0.0780   0.1533  -0.2403
    9.18  -0.3769  -0.0781   0.1523  -0.2405
    9.18  -0.3774  -0.0782   0.1514  -0.2408
    9.19  -0.3779  -0.0782   0.1504  -0.2410
    9.19  -0.3784  -0.0783   0.1495  -0.2412
    9.19  -0.3789  -0.0783   0.1485  -0.2414
    9.19  -0.3794  -0.0784   0.1476  -0.2416
    9.20  -0.3799  -0.0784   0.1466  -0.2418
    9.20  -0.3804  -0.0785   0.1456  -0.2420
    9.20  -0.3809  -0.0785   0.1447  -0.2422
    9.20  -0.3814  -0.0786   0.1437  -0.2424
    9.21  -0.3819  -0.0786   0.1427  -0.2426
    9.21  -0.3824  -0.0787   0.1418  -0.2428
    9.21  -0.3829  -0.0787   0.1408  -0.2430
    9.21  -0.3834  -0.0788   0.1398  -0.2432
    9.22  -0.3839  -0.0788   0.1389  -0.2433
    9.22  -0.3844  -0.0789   0.1379  -0.2435
    9.22  -0.3849  -0.0789   0.1369  -0.2437
    9.23  -0.3853  -0.0789   0.1359  -0.2438
    9.23  -0.3858  -0.0790   0.1350  -0.2440
    9.23  -0.3863  -0.0790   0.1340  -0.2442
    9.23  -0.3868  -0.0791   0.1330  -0.2443
    9.24  -0.3873  -0.0791   0.1320  -0.2445
    9.24  -0.3878  -0.0791   0.1310  -0.2446
    9.24  -0.3883  -0.0792   0.1300  -0.2448
    9.24  -0.3887  -0.0792   0.1291  -0.2449
    9.25  -0.3892  -0.0792   0.1281  -0.2450
    9.25  -0.3897  -0.0792   0.1271  -0.2452
    9.25  -0.3902  -0.0793   0.1261  -0.2453
    9.25  -0.3906  -0.0793   0.1251  -0.2454
    9.26  -0.3911  -0.0793   0.1241  -0.2456
    9.26  -0.3916  -0.0793   0.1231  -0.2457
    9.26  -0.3921  -0.0794   0.1221  -0.2458
    9.26  -0.3925  -0.0794   0.1211  -0.2459
    9.27  -0.3930  -0.0794   0.1201  -0.2460
    9.27  -0.3935  -0.0794   0.1191  -0.2461
    9.27  -0.3939  -0.0794   0.1181  -0.2462
    9.27  -0.3944  -0.0794   0.1171  -0.2463
    9.28  -0.3948  -0.0795   0.1161  -0.2464
    9.28  -0.3953  -0.0795   0.1151  -0.2465
    9.28  -0.3958  -0.0795   0.1141  -0.2466
    9.28  -0.3962  -0.0795   0.1131  -0.2467
    9.29  -0.3967  -0.0795   0.1121  -0.2467
    9.29  -0.3971  -0.0795   0.1111  -0.2468
    9.29  -0.3976  -0.0795   0.1101  -0.2469
    9.29  -0.3980  -0.0795   0.1091  -0.2469
    9.30  -0.3985  -0.0795   0.1081  -0.2470
    9.30  -0.3989  -0.0796   0.1071  -0.2471
    9.30  -0.3993  -0.0796   0.1061  -0.2471
    9.30  -0.3998  -0.0796   0.1051  -0.2472
    9.31  -0.4002  -0.0796   0.1041  -0.2472
    9.31  -0.4007  -0.0796   0.1031  -0.2472
    9.31  -0.4011  -0.0796   0.1021  -0.2473
    9.31  -0.4015  -0.0796   0.1011  -0.2473
    9.32  -0.4020  -0.0796   0.1001  -0.2473
    9.32  -0.4024  -0.0796   0.0991  -0.2474
    9.32  -0.4028  -0.0796   0.0981  -0.2474
    9.32  -0.4032  -0.0796   0.0971  -0.2474
    9.33  -0.4037  -0.0796   0.0961  -0.2474
    9.33  -0.4041  -0.0796   0.0951  -0.2474
    9.33  -0.4045  -0.0796   0.0942  -0.2474
    9.34  -0.4049  -0.0796   0.0932  -0.2474
    9.34  -0.4053  -0.0796   0.0922  -0.2474
    9.34  -0.4057  -0.0796   0.0912  -0.2474
    9.34  -0.4061  -0.0796   0.0902  -0.2474
    9.35  -0.4065  -0.0796   0.0892  -0.2474
    9.35  -0.4069  -0.0796   0.0882  -0.2474
    9.35  -0.4074  -0.0796   0.0872  -0.2474
    9.35  -0.4078  -0.0795   0.0862  -0.2473
    9.36  -0.4081  -0.0795   0.0852  -0.2473
    9.36  -0.4085  -0.0795   0.0842  -0.2473
    9.36  -0.4089  -0.0795   0.0832  -0.2472
    9.36  -0.4093  -0.0795   0.0822  -0.2472
    9.37  -0.4097  -0.0795   0.0813  -0.2472
    9.37  -0.4101  -0.0795   0.0803  -0.2471
    9.37  -0.4105  -0.0795   0.0793  -0.2471
    9.37  -0.4109  -0.0795   0.0783  -0.2470
    9.38  -0.4112  -0.0795   0.0773  -0.2469
    9.38  -0.4116  -0.0795   0.0764  -0.2469
    9.38  -0.4120  -0.0795   0.0754  -0.2468
    9.38  -0.4124  -0.0795   0.0744  -0.2467
    9.39  -0.4127  -0.0795   0.0734  -0.2467
    9.39  -0.4131  -0.0794   0.0724  -0.2466
    9.39  -0.4135  -0.0794   0.0715  -0.2465
    9.39  -0.4138  -0.0794   0.0705  -0.2464
    9.40  -0.4142  -0.0794   0.0695  -0.2463
    9.40  -0.4146  -0.0794   0.0686  -0.2463
    9.40  -0.4149  -0.0794   0.0676  -0.2462
    9.40  -0.4153  -0.0794   0.0666  -0.2461
    9.41  -0.4156  -0.0794   0.0657  -0.2460
    9.41  -0.4160  -0.0794   0.0647  -0.2459
    9.41  -0.4163  -0.0794   0.0638  -0.2457
    9.41  -0.4167  -0.0794   0.0628  -0.2456
    9.42  -0.4170  -0.0794   0.0618  -0.2455
    9.42  -0.4173  -0.0794   0.0609  -0.2454
    9.42  -0.4177  -0.0794   0.0599  -0.2453
    9.42  -0.4180  -0.0793   0.0590  -0.2451
    9.43  -0.4184  -0.0793   0.0580  -0.2450
    9.43  -0.4187  -0.0793   0.0571  -0.2449
    9.43  -0.4190  -0.0793   0.0561  -0.2447
    9.44  -0.4193  -0.0793   0.0552  -0.2446
    9.44  -0.4197  -0.0793   0.0543  -0.2445
    9.44  -0.4200  -0.0793   0.0533  -0.2443
    9.44  -0.4203  -0.0793   0.0524  -0.2442
    9.45  -0.4206  -0.0793   0.0515  -0.2440
    9.45  -0.4209  -0.0793   0.0505  -0.2439
    9.45  -0.4213  -0.0793   0.0496  -0.2437
    9.45  -0.4216  -0.0793   0.0487  -0.2435
    9.46  -0.4219  -0.0793   0.0477  -0.2434
    9.46  -0.4222  -0.0793   0.0468  -0.2432
    9.46  -0.4225  -0.0793   0.0459  -0.2430
    9.46  -0.4228  -0.0793   0.0450  -0.2428
    9.47  -0.4231  -0.0793   0.0441  -0.2427
    9.47  -0.4234  -0.0793   0.0432  -0.2425
    9.47  -0.4237  -0.0793   0.0422  -0.2423
    9.47  -0.4240  -0.0793   0.0413  -0.2421
    9.48  -0.4243  -0.0793   0.0404  -0.2419
    9.48  -0.4245  -0.0793   0.0395  -0.2417
    9.48  -0.4248  -0.0793   0.0386  -0.2415
    9.48  -0.4251  -0.0793   0.0377  -0.2413
    9.49  -0.4254  -0.0793   0.0368  -0.2411
    9.49  -0.4257  -0.0793   0.0359  -0.2409
    9.49  -0.4260  -0.0793   0.0351  -0.2407
    9.49  -0.4262  -0.0793   0.0342  -0.2405
    9.50  -0.4265  -0.0794   0.0333  -0.2403
    9.50  -0.4268  -0.0794   0.0324  -0.2401
    9.50  -0.4270  -0.0794   0.0315  -0.2399
    9.50  -0.4273  -0.0794   0.0307  -0.2396
    9.51  -0.4276  -0.0794   0.0298  -0.2394
    9.51  -0.4278  -0.0794   0.0289  -0.2392
    9.51  -0.4281  -0.0794   0.0280  -0.2389
    9.51  -0.4284  -0.0794   0.0272  -0.2387
    9.52  -0.4286  -0.0794   0.0263  -0.2385
    9.52  -0.4289  -0.0795   0.0255  -0.2382
    9.52  -0.4291  -0.0795   0.0246  -0.2380
    9.52  -0.4294  -0.0795   0.0237  -0.2378
    9.53  -0.4296  -0.0795   0.0229  -0.2375
    9.53  -0.4299  -0.0795   0.0220  -0.2373
    9.53  -0.4301  -0.0795   0.0212  -0.2370
    9.54  -0.4304  -0.0796   0.0204  -0.2368
    9.54  -0.4306  -0.0796   0.0195  -0.2365
    9.54  -0.4309  -0.0796   0.0187  -0.2362
    9.54  -0.4311  -0.0796   0.0179  -0.2360
    9.55  -0.4313  -0.0796   0.0170  -0.2357
    9.55  -0.4316  -0.0797   0.0162  -0.2355
    9.55  -0.4318  -0.0797   0.0154  -0.2352
    9.55  -0.4320  -0.0797   0.0145  -0.2349
    9.56  -0.4323  -0.0797   0.0137  -0.2347
    9.56  -0.4325  -0.0798   0.0129  -0.2344
    9.56  -0.4327  -0.0798   0.0121  -0.2341
    9.56  -0.4329  -0.0798   0.0113  -0.2338
    9.57  -0.4332  -0.0799   0.0105  -0.2335
    9.57  -0.4334  -0.0799   0.0097  -0.2333
    9.57  -0.4336  -0.0799   0.0089  -0.2330
    9.57  -0.4338  -0.0799   0.0081  -0.2327
    9.58  -0.4340  -0.0800   0.0073  -0.2324
    9.58  -0.4342  -0.0800   0.0065  -0.2321
    9.58  -0.4345  -0.0800   0.0057  -0.2318
    9.58  -0.4347  -0.0801   0.0049  -0.2315
    9.59  -0.4349  -0.0801   0.0042  -0.2312
    9.59  -0.4351  -0.0802   0.0034  -0.2309
    9.59  -0.4353  -0.0802   0.0026  -0.2306
    9.59  -0.4355  -0.0802   0.0018  -0.2303
    9.60  -0.4357  -0.0803   0.0011  -0.2300
    9.60  -0.4359  -0.0803   0.0003  -0.2297
    9.60  -0.4361  -0.0804  -0.0004  -0.2294
    9.60  -0.4363  -0.0804  -0.0012  -0.2291
    9.61  -0.4365  -0.0804  -0.0020  -0.2288
    9.61  -0.4367  -0.0805  -0.0027  -0.2285
    9.61  -0.4369  -0.0805  -0.0034  -0.2282
    9.61  -0.4371  -0.0806  -0.0042  -0.2279
    9.62  -0.4373  -0.0806  -0.0049  -0.2275
    9.62  -0.4374  -0.0807  -0.0057  -0.2272
    9.62  -0.4376  -0.0807  -0.0064  -0.2269
    9.62  -0.4378  -0.0808  -0.0071  -0.2266
    9.63  -0.4380  -0.0808  -0.0079  -0.2263
    9.63  -0.4382  -0.0809  -0.0086  -0.2259
    9.63  -0.4384  -0.0809  -0.0093  -0.2256
    9.64  -0.4385  -0.0810  -0.0100  -0.2253
    9.64  -0.4387  -0.0810  -0.0107  -0.2250
    9.64  -0.4389  -0.0811  -0.0114  -0.2246
    9.64  -0.4391  -0.0811  -0.0121  -0.2243
    9.65  -0.4393  -0.0812  -0.0129  -0.2240
    9.65  -0.4394  -0.0812  -0.0136  -0.2236
    9.65  -0.4396  -0.0813  -0.0142  -0.2233
    9.65  -0.4398  -0.0814  -0.0149  -0.2230
    9.66  -0.4399  -0.0814  -0.0156  -0.2226
    9.66  -0.4401  -0.0815  -0.0163  -0.2223
    9.66  -0.4403  -0.0815  -0.0170  -0.2219
    9.66  -0.4404  -0.0816  -0.0177  -0.2216
    9.67  -0.4406  -0.0817  -0.0184  -0.2213
    9.67  -0.4408  -0.0817  -0.0190  -0.2209
    9.67  -0.4409  -0.0818  -0.0197  -0.2206
    9.67  -0.4411  -0.0819  -0.0204  -0.2202
    9.68  -0.4413  -0.0819  -0.0210  -0.2199
    9.68  -0.4414  -0.0820  -0.0217  -0.2195
    9.68  -0.4416  -0.0821  -0.0223  -0.2192
    9.68  -0.4417  -0.0821  -0.0230  -0.2188
    9.69  -0.4419  -0.0822  -0.0236  -0.2185
    9.69  -0.4420  -0.0823  -0.0243  -0.2181
    9.69  -0.4422  -0.0823  -0.0249  -0.2178
    9.69  -0.4423  -0.0824  -0.0256  -0.2174
    9.70  -0.4425  -0.0825  -0.0262  -0.2171
    9.70  -0.4426  -0.0826  -0.0268  -0.2167
    9.70  -0.4428  -0.0826  -0.0274  -0.2164
    9.70  -0.4429  -0.0827  -0.0281  -0.2160
    9.71  -0.4431  -0.0828  -0.0287  -0.2157
    9.71  -0.4432  -0.0829  -0.0293  -0.2153
    9.71  -0.4434  -0.0829  -0.0299  -0.2150
    9.71  -0.4435  -0.0830  -0.0305  -0.2146
    9.72  -0.4437  -0.0831  -0.0311  -0.2142
    9.72  -0.4438  -0.0832  -0.0317  -0.2139
    9.72  -0.4439  -0.0832  -0.0323  -0.2135
    9.72  -0.4441  -0.0833  -0.0329  -0.2132
    9.73  -0.4442  -0.0834  -0.0335  -0.2128
    9.73  -0.4443  -0.0835  -0.0341  -0.2124
    9.73  -0.4445  -0.0836  -0.0347  -0.2121
    9.73  -0.4446  -0.0836  -0.0353  -0.2117
    9.74  -0.4447  -0.0837  -0.0359  -0.2114
    9.74  -0.4449  -0.0838  -0.0364  -0.2110
    9.74  -0.4450  -0.0839  -0.0370  -0.2106
    9.75  -0.4451  -0.0840  -0.0376  -0.2103
    9.75  -0.4453  -0.0841  -0.0382  -0.2099
    9.75  -0.4454  -0.0841  -0.0387  -0.2096
    9.75  -0.4455  -0.0842  -0.0393  -0.2092
    9.76  -0.4457  -0.0843  -0.0398  -0.2088
    9.76  -0.4458  -0.0844  -0.0404  -0.2085
    9.76  -0.4459  -0.0845  -0.0409  -0.2081
    9.76  -0.4460  -0.0846  -0.0415  -0.2077
    9.77  -0.4462  -0.0847  -0.0420  -0.2074
    9.77  -0.4463  -0.0848  -0.0426  -0.2070
    9.77  -0.4464  -0.0848  -0.0431  -0.2066
    9.77  -0.4465  -0.0849  -0.0436  -0.2063
    9.78  -0.4466  -0.0850  -0.0441  -0.2059
    9.78  -0.4468  -0.0851  -0.0447  -0.2056
    9.78  -0.4469  -0.0852  -0.0452  -0.2052
    9.78  -0.4470  -0.0853  -0.0457  -0.2048
    9.79  -0.4471  -0.0854  -0.0462  -0.2045
    9.79  -0.4472  -0.0855  -0.0467  -0.2041
    9.79  -0.4473  -0.0856  -0.0472  -0.2037
    9.79  -0.4474  -0.0857  -0.0477  -0.2034
    9.80  -0.4476  -0.0858  -0.0482  -0.2030
    9.80  -0.4477  -0.0858  -0.0487  -0.2026
    9.80  -0.4478  -0.0859  -0.0492  -0.2023
    9.80  -0.4479  -0.0860  -0.0497  -0.2019
    9.81  -0.4480  -0.0861  -0.0502  -0.2016
    9.81  -0.4481  -0.0862  -0.0507  -0.2012
    9.81  -0.4482  -0.0863  -0.0512  -0.2008
    9.81  -0.4483  -0.0864  -0.0517  -0.2005
    9.82  -0.4484  -0.0865  -0.0521  -0.2001
    9.82  -0.4485  -0.0866  -0.0526  -0.1998
    9.82  -0.4486  -0.0867  -0.0531  -0.1994
    9.82  -0.4487  -0.0868  -0.0535  -0.1990
    9.83  -0.4488  -0.0869  -0.0540  -0.1987
    9.83  -0.4489  -0.0870  -0.0545  -0.1983
    9.83  -0.4490  -0.0871  -0.0549  -0.1980
    9.83  -0.4491  -0.0872  -0.0554  -0.1976
    9.84  -0.4492  -0.0873  -0.0558  -0.1972
    9.84  -0.4493  -0.0874  -0.0563  -0.1969
    9.84  -0.4494  -0.0875  -0.0567  -0.1965
    9.85  -0.4495  -0.0876  -0.0571  -0.1962
    9.85  -0.4496  -0.0877  -0.0576  -0.1958
    9.85  -0.4497  -0.0878  -0.0580  -0.1955
    9.85  -0.4498  -0.0879  -0.0584  -0.1951
    9.86  -0.4499  -0.0880  -0.0589  -0.1948
    9.86  -0.4500  -0.0881  -0.0593  -0.1944
    9.86  -0.4501  -0.0882  -0.0597  -0.1941
    9.86  -0.4502  -0.0883  -0.0601  -0.1937
    9.87  -0.4503  -0.0884  -0.0605  -0.1933
    9.87  -0.4504  -0.0885  -0.0610  -0.1930
    9.87  -0.4505  -0.0886  -0.0614  -0.1927
    9.87  -0.4505  -0.0887  -0.0618  -0.1923
    9.88  -0.4506  -0.0888  -0.0622  -0.1920
    9.88  -0.4507  -0.0889  -0.0626  -0.1916
    9.88  -0.4508  -0.0890  -0.0630  -0.1913
    9.88  -0.4509  -0.0891  -0.0633  -0.1909
    9.89  -0.4510  -0.0892  -0.0637  -0.1906
    9.89  -0.4511  -0.0893  -0.0641  -0.1902
    9.89  -0.4511  -0.0894  -0.0645  -0.1899
    9.89  -0.4512  -0.0895  -0.0649  -0.1895
    9.90  -0.4513  -0.0896  -0.0653  -0.1892
    9.90  -0.4514  -0.0897  -0.0656  -0.1889
    9.90  -0.4515  -0.0898  -0.0660  -0.1885
    9.90  -0.4515  -0.0899  -0.0664  -0.1882
    9.91  -0.4516  -0.0900  -0.0667  -0.1879
    9.91  -0.4517  -0.0901  -0.0671  -0.1875
    9.91  -0.4518  -0.0902  -0.0675  -0.1872
    9.91  -0.4518  -0.0903  -0.0678  -0.1869
    9.92  -0.4519  -0.0904  -0.0682  -0.1865
    9.92  -0.4520  -0.0905  -0.0685  -0.1862
    9.92  -0.4520  -0.0906  -0.0689  -0.1859
    9.92  -0.4521  -0.0907  -0.0692  -0.1855
    9.93  -0.4522  -0.0908  -0.0695  -0.1852
    9.93  -0.4523  -0.0909  -0.0699  -0.1849
    9.93  -0.4523  -0.0910  -0.0702  -0.1846
    9.93  -0.4524  -0.0911  -0.0706  -0.1842
    9.94  -0.4525  -0.0912  -0.0709  -0.1839
    9.94  -0.4525  -0.0913  -0.0712  -0.1836
    9.94  -0.4526  -0.0914  -0.0715  -0.1833
    9.95  -0.4527  -0.0915  -0.0719  -0.1829
    9.95  -0.4527  -0.0916  -0.0722  -0.1826
    9.95  -0.4528  -0.0917  -0.0725  -0.1823
    9.95  -0.4528  -0.0918  -0.0728  -0.1820
    9.96  -0.4529  -0.0919  -0.0731  -0.1817
    9.96  -0.4530  -0.0920  -0.0734  -0.1814
    9.96  -0.4530  -0.0921  -0.0737  -0.1811
    9.96  -0.4531  -0.0922  -0.0740  -0.1808
    9.97  -0.4531  -0.0923  -0.0743  -0.1804
    9.97  -0.4532  -0.0924  -0.0746  -0.1801
    9.97  -0.4532  -0.0925  -0.0749  -0.1798
    9.97  -0.4533  -0.0926  -0.0752  -0.1795
    9.98  -0.4534  -0.0927  -0.0755  -0.1792
    9.98  -0.4534  -0.0927  -0.0758  -0.1789
    9.98  -0.4535  -0.0928  -0.0761  -0.1786
    9.98  -0.4535  -0.0929  -0.0763  -0.1783
    9.99  -0.4536  -0.0930  -0.0766  -0.1780
    9.99  -0.4536  -0.0931  -0.0769  -0.1777
    9.99  -0.4537  -0.0932  -0.0772  -0.1774
    9.99  -0.4537  -0.0933  -0.0774  -0.1772
   10.00  -0.4537  -0.0934  -0.0777  -0.1769
   10.00  -0.4538  -0.0935  -0.0780  -0.1766
   10.00  -0.4538  -0.0936  -0.0782  -0.1763
   10.00  -0.4539  -0.0937  -0.0785  -0.1760
   10.01  -0.4539  -0.0938  -0.0787  -0.1757
   10.01  -0.4540  -0.0939  -0.0790  -0.1754
   10.01  -0.4540  -0.0940  -0.0792  -0.1752
   10.01  -0.4540  -0.0941  -0.0795  -0.1749
   10.02  -0.4541  -0.0942  -0.0797  -0.1746
   10.02  -0.4541  -0.0943  -0.0800  -0.1743
   10.02  -0.4542  -0.0943  -0.0802  -0.1740
   10.02  -0.4542  -0.0944  -0.0804  -0.1738
   10.03  -0.4542  -0.0945  -0.0807  -0.1735
   10.03  -0.4543  -0.0946  -0.0809  -0.1732
   10.03  -0.4543  -0.0947  -0.0811  -0.1730
   10.03  -0.4543  -0.0948  -0.0814  -0.1727
   10.04  -0.4543  -0.0949  -0.0816  -0.1724
   10.04  -0.4544  -0.0950  -0.0818  -0.1722
   10.04  -0.4544  -0.0951  -0.0820  -0.1719
   10.05  -0.4544  -0.0951  -0.0823  -0.1717
   10.05  -0.4545  -0.0952  -0.0825  -0.1714
   10.05  -0.4545  -0.0953  -0.0827  -0.1711
   10.05  -0.4545  -0.0954  -0.0829  -0.1709
   10.06  -0.4545  -0.0955  -0.0831  -0.1706
   10.06  -0.4546  -0.0956  -0.0833  -0.1704
   10.06  -0.4546  -0.0957  -0.0835  -0.1701
   10.06  -0.4546  -0.0957  -0.0837  -0.1699
   10.07  -0.4546  -0.0958  -0.0839  -0.1697
   10.07  -0.4546  -0.0959  -0.0841  -0.1694
   10.07  -0.4546  -0.0960  -0.0843  -0.1692
   10.07  -0.4547  -0.0961  -0.0845  -0.1689
   10.08  -0.4547  -0.0962  -0.0847  -0.1687
   10.08  -0.4547  -0.0962  -0.0849  -0.1685
   10.08  -0.4547  -0.0963  -0.0850  -0.1682
   10.08  -0.4547  -0.0964  -0.0852  -0.1680
   10.09  -0.4547  -0.0965  -0.0854  -0.1678
   10.09  -0.4547  -0.0966  -0.0856  -0.1675
   10.09  -0.4547  -0.0967  -0.0858  -0.1673
   10.09  -0.4547  -0.0967  -0.0859  -0.1671
   10.10  -0.4548  -0.0968  -0.0861  -0.1669
   10.10  -0.4548  -0.0969  -0.0863  -0.1667
   10.10  -0.4548  -0.0970  -0.0864  -0.1664
   10.10  -0.4548  -0.0970  -0.0866  -0.1662
   10.11  -0.4548  -0.0971  -0.0868  -0.1660
   10.11  -0.4548  -0.0972  -0.0869  -0.1658
   10.11  -0.4548  -0.0973  -0.0871  -0.1656
   10.11  -0.4548  -0.0974  -0.0872  -0.1654
   10.12  -0.4548  -0.0974  -0.0874  -0.1652
   10.12  -0.4548  -0.0975  -0.0875  -0.1650
   10.12  -0.4547  -0.0976  -0.0877  -0.1648
   10.12  -0.4547  -0.0976  -0.0878  -0.1646
   10.13  -0.4547  -0.0977  -0.0880  -0.1644
   10.13  -0.4547  -0.0978  -0.0881  -0.1642
   10.13  -0.4547  -0.0979  -0.0883  -0.1640
   10.13  -0.4547  -0.0979  -0.0884  -0.1638
   10.14  -0.4547  -0.0980  -0.0885  -0.1636
   10.14  -0.4547  -0.0981  -0.0887  -0.1634
   10.14  -0.4547  -0.0981  -0.0888  -0.1633
   10.14  -0.4546  -0.0982  -0.0889  -0.1631
   10.15  -0.4546  -0.0983  -0.0891  -0.1629
   10.15  -0.4546  -0.0984  -0.0892  -0.1627
   10.15  -0.4546  -0.0984  -0.0893  -0.1625
   10.16  -0.4546  -0.0985  -0.0894  -0.1624
   10.16  -0.4545  -0.0986  -0.0895  -0.1622
   10.16  -0.4545  -0.0986  -0.0897  -0.1620
   10.16  -0.4545  -0.0987  -0.0898  -0.1619
   10.17  -0.4545  -0.0988  -0.0899  -0.1617
   10.17  -0.4544  -0.0988  -0.0900  -0.1615
   10.17  -0.4544  -0.0989  -0.0901  -0.1614
   10.17  -0.4544  -0.0989  -0.0902  -0.1612
   10.18  -0.4544  -0.0990  -0.0903  -0.1611
   10.18  -0.4543  -0.0991  -0.0904  -0.1609
   10.18  -0.4543  -0.0991  -0.0905  -0.1607
   10.18  -0.4543  -0.0992  -0.0906  -0.1606
   10.19  -0.4542  -0.0992  -0.0907  -0.1604
   10.19  -0.4542  -0.0993  -0.0908  -0.1603
   10.19  -0.4541  -0.0994  -0.0909  -0.1602
   10.19  -0.4541  -0.0994  -0.0910  -0.1600
   10.20  -0.4541  -0.0995  -0.0911  -0.1599
   10.20  -0.4540  -0.0995  -0.0912  -0.1597
   10.20  -0.4540  -0.0996  -0.0913  -0.1596
   10.20  -0.4539  -0.0997  -0.0913  -0.1595
   10.21  -0.4539  -0.0997  -0.0914  -0.1593
   10.21  -0.4538  -0.0998  -0.0915  -0.1592
   10.21  -0.4538  -0.0998  -0.0916  -0.1591
   10.21  -0.4537  -0.0999  -0.0916  -0.1590
   10.22  -0.4537  -0.0999  -0.0917  -0.1589
   10.22  -0.4536  -0.1000  -0.0918  -0.1587
   10.22  -0.4536  -0.1000  -0.0919  -0.1586
   10.22  -0.4535  -0.1001  -0.0919  -0.1585
   10.23  -0.4535  -0.1001  -0.0920  -0.1584
   10.23  -0.4534  -0.1002  -0.0921  -0.1583
   10.23  -0.4533  -0.1002  -0.0921  -0.1582
   10.23  -0.4533  -0.1003  -0.0922  -0.1581
   10.24  -0.4532  -0.1003  -0.0922  -0.1580
   10.24  -0.4532  -0.1004  -0.0923  -0.1579
   10.24  -0.4531  -0.1004  -0.0923  -0.1578
   10.24  -0.4530  -0.1005  -0.0924  -0.1577
   10.25  -0.4530  -0.1005  -0.0924  -0.1576
   10.25  -0.4529  -0.1006  -0.0925  -0.1575
   10.25  -0.4528  -0.1006  -0.0925  -0.1574
   10.26  -0.4527  -0.1007  -0.0926  -0.1573
   10.26  -0.4527  -0.1007  -0.0926  -0.1572
   10.26  -0.4526  -0.1007  -0.0927  -0.1571
   10.26  -0.4525  -0.1008  -0.0927  -0.1571
   10.27  -0.4524  -0.1008  -0.0927  -0.1570
   10.27  -0.4524  -0.1009  -0.0928  -0.1569
   10.27  -0.4523  -0.1009  -0.0928  -0.1568
   10.27  -0.4522  -0.1009  -0.0928  -0.1568
   10.28  -0.4521  -0.1010  -0.0929  -0.1567
   10.28  -0.4520  -0.1010  -0.0929  -0.1566
   10.28  -0.4520  -0.1011  -0.0929  -0.1566
   10.28  -0.4519  -0.1011  -0.0929  -0.1565
   10.29  -0.4518  -0.1011  -0.0930  -0.1565
   10.29  -0.4517  -0.1012  -0.0930  -0.1564
   10.29  -0.4516  -0.1012  -0.0930  -0.1563
   10.29  -0.4515  -0.1012  -0.0930  -0.1563
   10.30  -0.4514  -0.1013  -0.0930  -0.1562
   10.30  -0.4513  -0.1013  -0.0931  -0.1562
   10.30  -0.4512  -0.1013  -0.0931  -0.1562
   10.30  -0.4511  -0.1014  -0.0931  -0.1561
   10.31  -0.4510  -0.1014  -0.0931  -0.1561
   10.31  -0.4509  -0.1014  -0.0931  -0.1560
   10.31  -0.4508  -0.1015  -0.0931  -0.1560
   10.31  -0.4507  -0.1015  -0.0931  -0.1560
   10.32  -0.4506  -0.1015  -0.0931  -0.1559
   10.32  -0.4505  -0.1016  -0.0931  -0.1559
   10.32  -0.4504  -0.1016  -0.0931  -0.1559
   10.32  -0.4503  -0.1016  -0.0931  -0.1559
   10.33  -0.4502  -0.1016  -0.0931  -0.1558
   10.33  -0.4501  -0.1017  -0.0931  -0.1558
   10.33  -0.4499  -0.1017  -0.0930  -0.1558
   10.33  -0.4498  -0.1017  -0.0930  -0.1558
   10.34  -0.4497  -0.1017  -0.0930  -0.1558
   10.34  -0.4496  -0.1018  -0.0930  -0.1558
   10.34  -0.4495  -0.1018  -0.0930  -0.1557
   10.34  -0.4493  -0.1018  -0.0930  -0.1557
   10.35  -0.4492  -0.1018  -0.0929  -0.1557
   10.35  -0.4491  -0.1019  -0.0929  -0.1557
   10.35  -0.4490  -0.1019  -0.0929  -0.1557
   10.36  -0.4488  -0.1019  -0.0929  -0.1557
   10.36  -0.4487  -0.1019  -0.0928  -0.1558
   10.36  -0.4486  -0.1019  -0.0928  -0.1558
   10.36  -0.4485  -0.1019  -0.0928  -0.1558
   10.37  -0.4483  -0.1020  -0.0927  -0.1558
   10.37  -0.4482  -0.1020  -0.0927  -0.1558
   10.37  -0.4481  -0.1020  -0.0927  -0.1558
   10.37  -0.4479  -0.1020  -0.0926  -0.1558
   10.38  -0.4478  -0.1020  -0.0926  -0.1559
   10.38  -0.4476  -0.1020  -0.0925  -0.1559
   10.38  -0.4475  -0.1021  -0.0925  -0.1559
   10.38  -0.4474  -0.1021  -0.0924  -0.1559
   10.39  -0.4472  -0.1021  -0.0924  -0.1560
   10.39  -0.4471  -0.1021  -0.0923  -0.1560
   10.39  -0.4469  -0.1021  -0.0923  -0.1560
   10.39  -0.4468  -0.1021  -0.0922  -0.1561
   10.40  -0.4466  -0.1021  -0.0922  -0.1561
   10.40  -0.4465  -0.1021  -0.0921  -0.1562
   10.40  -0.4463  -0.1021  -0.0921  -0.1562
   10.40  -0.4462  -0.1021  -0.0920  -0.1563
   10.41  -0.4460  -0.1022  -0.0919  -0.1563
   10.41  -0.4458  -0.1022  -0.0919  -0.1564
   10.41  -0.4457  -0.1022  -0.0918  -0.1564
   10.41  -0.4455  -0.1022  -0.0917  -0.1565
   10.42  -0.4454  -0.1022  -0.0917  -0.1565
   10.42  -0.4452  -0.1022  -0.0916  -0.1566
   10.42  -0.4450  -0.1022  -0.0915  -0.1567
   10.42  -0.4449  -0.1022  -0.0914  -0.1567
   10.43  -0.4447  -0.1022  -0.0913  -0.1568
   10.43  -0.4445  -0.1022  -0.0913  -0.1569
   10.43  -0.4443  -0.1022  -0.0912  -0.1569
   10.43  -0.4442  -0.1022  -0.0911  -0.1570
   10.44  -0.4440  -0.1022  -0.0910  -0.1571
   10.44  -0.4438  -0.1022  -0.0909  -0.1572
   10.44  -0.4436  -0.1022  -0.0908  -0.1572
   10.44  -0.4435  -0.1022  -0.0907  -0.1573
   10.45  -0.4433  -0.1022  -0.0906  -0.1574
   10.45  -0.4431  -0.1022  -0.0905  -0.1575
   10.45  -0.4429  -0.1022  -0.0904  -0.1576
   10.46  -0.4427  -0.1022  -0.0903  -0.1577
   10.46  -0.4425  -0.1022  -0.0902  -0.1578
   10.46  -0.4424  -0.1022  -0.0901  -0.1579
   10.46  -0.4422  -0.1021  -0.0900  -0.1580
   10.47  -0.4420  -0.1021  -0.0899  -0.1581
   10.47  -0.4418  -0.1021  -0.0898  -0.1582
   10.47  -0.4416  -0.1021  -0.0897  -0.1583
   10.47  -0.4414  -0.1021  -0.0896  -0.1584
   10.48  -0.4412  -0.1021  -0.0895  -0.1585
   10.48  -0.4410  -0.1021  -0.0893  -0.1586
   10.48  -0.4408  -0.1021  -0.0892  -0.1587
   10.48  -0.4406  -0.1021  -0.0891  -0.1589
   10.49  -0.4404  -0.1021  -0.0890  -0.1590
   10.49  -0.4402  -0.1020  -0.0888  -0.1591
   10.49  -0.4400  -0.1020  -0.0887  -0.1592
   10.49  -0.4398  -0.1020  -0.0886  -0.1593
   10.50  -0.4396  -0.1020  -0.0884  -0.1595
   10.50  -0.4394  -0.1020  -0.0883  -0.1596
   10.50  -0.4391  -0.1020  -0.0882  -0.1597
   10.50  -0.4389  -0.1020  -0.0880  -0.1599
   10.51  -0.4387  -0.1019  -0.0879  -0.1600
   10.51  -0.4385  -0.1019  -0.0877  -0.1601
   10.51  -0.4383  -0.1019  -0.0876  -0.1603
   10.51  -0.4381  -0.1019  -0.0874  -0.1604
   10.52  -0.4378  -0.1019  -0.0873  -0.1606
   10.52  -0.4376  -0.1018  -0.0871  -0.1607
   10.52  -0.4374  -0.1018  -0.0870  -0.1609
   10.52  -0.4372  -0.1018  -0.0868  -0.1610
   10.53  -0.4369  -0.1018  -0.0867  -0.1612
   10.53  -0.4367  -0.1018  -0.0865  -0.1613
   10.53  -0.4365  -0.1017  -0.0863  -0.1615
   10.53  -0.4362  -0.1017  -0.0862  -0.1616
   10.54  -0.4360  -0.1017  -0.0860  -0.1618
   10.54  -0.4358  -0.1017  -0.0858  -0.1620
   10.54  -0.4355  -0.1016  -0.0857  -0.1621
   10.54  -0.4353  -0.1016  -0.0855  -0.1623
   10.55  -0.4351  -0.1016  -0.0853  -0.1625
   10.55  -0.4348  -0.1015  -0.0851  -0.1626
   10.55  -0.4346  -0.1015  -0.0850  -0.1628
   10.55  -0.4343  -0.1015  -0.0848  -0.1630
   10.56  -0.4341  -0.1015  -0.0846  -0.1631
   10.56  -0.4339  -0.1014  -0.0844  -0.1633
   10.56  -0.4336  -0.1014  -0.0842  -0.1635
   10.57  -0.4334  -0.1014  -0.0840  -0.1637
   10.57  -0.4331  -0.1013  -0.0838  -0.1639
   10.57  -0.4329  -0.1013  -0.0836  -0.1641
   10.57  -0.4326  -0.1013  -0.0834  -0.1642
   10.58  -0.4323  -0.1012  -0.0832  -0.1644
   10.58  -0.4321  -0.1012  -0.0830  -0.1646
   10.58  -0.4318  -0.1012  -0.0828  -0.1648
   10.58  -0.4316  -0.1011  -0.0826  -0.1650
   10.59  -0.4313  -0.1011  -0.0824  -0.1652
   10.59  -0.4310  -0.1011  -0.0822  -0.1654
   10.59  -0.4308  -0.1010  -0.0820  -0.1656
   10.59  -0.4305  -0.1010  -0.0817  -0.1658
   10.60  -0.4303  -0.1010  -0.0815  -0.1660
   10.60  -0.4300  -0.1009  -0.0813  -0.1662
   10.60  -0.4297  -0.1009  -0.0811  -0.1664
   10.60  -0.4294  -0.1008  -0.0808  -0.1666
   10.61  -0.4292  -0.1008  -0.0806  -0.1669
   10.61  -0.4289  -0.1008  -0.0804  -0.1671
   10.61  -0.4286  -0.1007  -0.0802  -0.1673
   10.61  -0.4283  -0.1007  -0.0799  -0.1675
   10.62  -0.4281  -0.1006  -0.0797  -0.1677
   10.62  -0.4278  -0.1006  -0.0794  -0.1679
   10.62  -0.4275  -0.1005  -0.0792  -0.1682
   10.62  -0.4272  -0.1005  -0.0789  -0.1684
   10.63  -0.4269  -0.1004  -0.0787  -0.1686
   10.63  -0.4267  -0.1004  -0.0784  -0.1688
   10.63  -0.4264  -0.1004  -0.0782  -0.1691
   10.63  -0.4261  -0.1003  -0.0779  -0.1693
   10.64  -0.4258  -0.1003  -0.0777  -0.1695
   10.64  -0.4255  -0.1002  -0.0774  -0.1697
   10.64  -0.4252  -0.1002  -0.0771  -0.1700
   10.64  -0.4249  -0.1001  -0.0769  -0.1702
   10.65  -0.4246  -0.1001  -0.0766  -0.1705
   10.65  -0.4243  -0.1000  -0.0763  -0.1707
   10.65  -0.4240  -0.1000  -0.0760  -0.1709
   10.65  -0.4237  -0.0999  -0.0758  -0.1712
   10.66  -0.4234  -0.0999  -0.0755  -0.1714
   10.66  -0.4231  -0.0998  -0.0752  -0.1717
   10.66  -0.4228  -0.0998  -0.0749  -0.1719
   10.67  -0.4225  -0.0997  -0.0746  -0.1722
   10.67  -0.4222  -0.0997  -0.0743  -0.1724
   10.67  -0.4219  -0.0996  -0.0740  -0.1727
   10.67  -0.4216  -0.0995  -0.0737  -0.1729
   10.68  -0.4213  -0.0995  -0.0734  -0.1732
   10.68  -0.4210  -0.0994  -0.0731  -0.1734
   10.68  -0.4206  -0.0994  -0.0728  -0.1737
   10.68  -0.4203  -0.0993  -0.0725  -0.1739
   10.69  -0.4200  -0.0993  -0.0722  -0.1742
   10.69  -0.4197  -0.0992  -0.0719  -0.1745
   10.69  -0.4194  -0.0992  -0.0716  -0.1747
   10.69  -0.4191  -0.0991  -0.0712  -0.1750
   10.70  -0.4187  -0.0990  -0.0709  -0.1752
   10.70  -0.4184  -0.0990  -0.0706  -0.1755
   10.70  -0.4181  -0.0989  -0.0703  -0.1758
   10.70  -0.4178  -0.0989  -0.0699  -0.1760
   10.71  -0.4174  -0.0988  -0.0696  -0.1763
   10.71  -0.4171  -0.0987  -0.0693  -0.1766
   10.71  -0.4168  -0.0987  -0.0689  -0.1768
   10.71  -0.4164  -0.0986  -0.0686  -0.1771
   10.72  -0.4161  -0.0985  -0.0682  -0.1774
   10.72  -0.4158  -0.0985  -0.0679  -0.1777
   10.72  -0.4154  -0.0984  -0.0675  -0.1779
   10.72  -0.4151  -0.0984  -0.0672  -0.1782
   10.73  -0.4148  -0.0983  -0.0668  -0.1785
   10.73  -0.4144  -0.0982  -0.0665  -0.1788
   10.73  -0.4141  -0.0982  -0.0661  -0.1790
   10.73  -0.4137  -0.0981  -0.0657  -0.1793
   10.74  -0.4134  -0.0980  -0.0653  -0.1796
   10.74  -0.4131  -0.0980  -0.0650  -0.1799
   10.74  -0.4127  -0.0979  -0.0646  -0.1802
   10.74  -0.4124  -0.0978  -0.0642  -0.1805
   10.75  -0.4120  -0.0978  -0.0638  -0.1807
   10.75  -0.4117  -0.0977  -0.0635  -0.1810
   10.75  -0.4113  -0.0976  -0.0631  -0.1813
   10.75  -0.4110  -0.0976  -0.0627  -0.1816
   10.76  -0.4106  -0.0975  -0.0623  -0.1819
   10.76  -0.4102  -0.0974  -0.0619  -0.1822
   10.76  -0.4099  -0.0973  -0.0615  -0.1825
   10.77  -0.4095  -0.0973  -0.0611  -0.1828
   10.77  -0.4092  -0.0972  -0.0607  -0.1830
   10.77  -0.4088  -0.0971  -0.0603  -0.1833
   10.77  -0.4084  -0.0971  -0.0599  -0.1836
   10.78  -0.4081  -0.0970  -0.0594  -0.1839
   10.78  -0.4077  -0.0969  -0.0590  -0.1842
   10.78  -0.4073  -0.0968  -0.0586  -0.1845
   10.78  -0.4070  -0.0968  -0.0582  -0.1848
   10.79  -0.4066  -0.0967  -0.0577  -0.1851
   10.79  -0.4062  -0.0966  -0.0573  -0.1854
   10.79  -0.4059  -0.0966  -0.0569  -0.1857
   10.79  -0.4055  -0.0965  -0.0564  -0.1860
   10.80  -0.4051  -0.0964  -0.0560  -0.1863
   10.80  -0.4047  -0.0963  -0.0556  -0.1866
   10.80  -0.4044  -0.0963  -0.0551  -0.1869
   10.80  -0.4040  -0.0962  -0.0547  -0.1872
   10.81  -0.4036  -0.0961  -0.0542  -0.1875
   10.81  -0.4032  -0.0960  -0.0537  -0.1878
   10.81  -0.4028  -0.0959  -0.0533  -0.1881
   10.81  -0.4025  -0.0959  -0.0528  -0.1884
   10.82  -0.4021  -0.0958  -0.0524  -0.1887
   10.82  -0.4017  -0.0957  -0.0519  -0.1890
   10.82  -0.4013  -0.0956  -0.0514  -0.1893
   10.82  -0.4009  -0.0956  -0.0509  -0.1896
   10.83  -0.4005  -0.0955  -0.0504  -0.1899
   10.83  -0.4001  -0.0954  -0.0500  -0.1902
   10.83  -0.3997  -0.0953  -0.0495  -0.1905
   10.83  -0.3993  -0.0952  -0.0490  -0.1908
   10.84  -0.3989  -0.0952  -0.0485  -0.1911
   10.84  -0.3985  -0.0951  -0.0480  -0.1914
   10.84  -0.3981  -0.0950  -0.0475  -0.1917
   10.84  -0.3977  -0.0949  -0.0470  -0.1920
   10.85  -0.3973  -0.0948  -0.0465  -0.1923
   10.85  -0.3969  -0.0948  -0.0460  -0.1926
   10.85  -0.3965  -0.0947  -0.0455  -0.1929
   10.85  -0.3961  -0.0946  -0.0450  -0.1932
   10.86  -0.3957  -0.0945  -0.0444  -0.1935
   10.86  -0.3953  -0.0944  -0.0439  -0.1938
   10.86  -0.3949  -0.0944  -0.0434  -0.1941
   10.87  -0.3945  -0.0943  -0.0429  -0.1944
   10.87  -0.3941  -0.0942  -0.0423  -0.1947
   10.87  -0.3937  -0.0941  -0.0418  -0.1950
   10.87  -0.3933  -0.0940  -0.0412  -0.1953
   10.88  -0.3928  -0.0940  -0.0407  -0.1956
   10.88  -0.3924  -0.0939  -0.0402  -0.1959
   10.88  -0.3920  -0.0938  -0.0396  -0.1961
   10.88  -0.3916  -0.0937  -0.0391  -0.1964
   10.89  -0.3912  -0.0936  -0.0385  -0.1967
   10.89  -0.3907  -0.0935  -0.0379  -0.1970
   10.89  -0.3903  -0.0935  -0.0374  -0.1973
   10.89  -0.3899  -0.0934  -0.0368  -0.1976
   10.90  -0.3895  -0.0933  -0.0362  -0.1979
   10.90  -0.3890  -0.0932  -0.0357  -0.1982
   10.90  -0.3886  -0.0931  -0.0351  -0.1985
   10.90  -0.3882  -0.0930  -0.0345  -0.1988
   10.91  -0.3878  -0.0929  -0.0339  -0.1991
   10.91  -0.3873  -0.0929  -0.0333  -0.1994
   10.91  -0.3869  -0.0928  -0.0327  -0.1997
   10.91  -0.3864  -0.0927  -0.0322  -0.2000
   10.92  -0.3860  -0.0926  -0.0316  -0.2002
   10.92  -0.3856  -0.0925  -0.0310  -0.2005
   10.92  -0.3851  -0.0924  -0.0304  -0.2008
   10.92  -0.3847  -0.0924  -0.0297  -0.2011
   10.93  -0.3842  -0.0923  -0.0291  -0.2014
   10.93  -0.3838  -0.0922  -0.0285  -0.2017
   10.93  -0.3834  -0.0921  -0.0279  -0.2019
   10.93  -0.3829  -0.0920  -0.0273  -0.2022
   10.94  -0.3825  -0.0919  -0.0267  -0.2025
   10.94  -0.3820  -0.0918  -0.0260  -0.2028
   10.94  -0.3816  -0.0918  -0.0254  -0.2031
   10.94  -0.3811  -0.0917  -0.0248  -0.2033
   10.95  -0.3807  -0.0916  -0.0241  -0.2036
   10.95  -0.3802  -0.0915  -0.0235  -0.2039
   10.95  -0.3797  -0.0914  -0.0229  -0.2042
   10.95  -0.3793  -0.0913  -0.0222  -0.2044
   10.96  -0.3788  -0.0912  -0.0216  -0.2047
   10.96  -0.3784  -0.0912  -0.0209  -0.2050
   10.96  -0.3779  -0.0911  -0.0203  -0.2052
   10.96  -0.3774  -0.0910  -0.0196  -0.2055
   10.97  -0.3770  -0.0909  -0.0189  -0.2058
   10.97  -0.3765  -0.0908  -0.0183  -0.2060
   10.97  -0.3760  -0.0907  -0.0176  -0.2063
   10.98  -0.3756  -0.0906  -0.0169  -0.2066
   10.98  -0.3751  -0.0905  -0.0162  -0.2068
   10.98  -0.3746  -0.0905  -0.0156  -0.2071
   10.98  -0.3742  -0.0904  -0.0149  -0.2073
   10.99  -0.3737  -0.0903  -0.0142  -0.2076
   10.99  -0.3732  -0.0902  -0.0135  -0.2078
   10.99  -0.3727  -0.0901  -0.0128  -0.2081
   10.99  -0.3723  -0.0900  -0.0121  -0.2083
   11.00  -0.3718  -0.0899  -0.0114  -0.2086
   11.00  -0.3713  -0.0899  -0.0107  -0.2088
   11.00  -0.3708  -0.0898  -0.0100  -0.2091
   11.00  -0.3703  -0.0897  -0.0093  -0.2093
   11.01  -0.3698  -0.0896  -0.0086  -0.2095
   11.01  -0.3693  -0.0895  -0.0079  -0.2098
   11.01  -0.3689  -0.0894  -0.0072  -0.2100
   11.01  -0.3684  -0.0893  -0.0065  -0.2102
   11.02  -0.3679  -0.0892  -0.0057  -0.2105
   11.02  -0.3674  -0.0892  -0.0050  -0.2107
   11.02  -0.3669  -0.0891  -0.0043  -0.2109
   11.02  -0.3664  -0.0890  -0.0036  -0.2112
   11.03  -0.3659  -0.0889  -0.0028  -0.2114
   11.03  -0.3654  -0.0888  -0.0021  -0.2116
   11.03  -0.3649  -0.0887  -0.0013  -0.2118
   11.03  -0.3644  -0.0886  -0.0006  -0.2120
   11.04  -0.3639  -0.0885   0.0001  -0.2122
   11.04  -0.3634  -0.0885   0.0009  -0.2125
   11.04  -0.3629  -0.0884   0.0016  -0.2127
   11.04  -0.3624  -0.0883   0.0024  -0.2129
   11.05  -0.3619  -0.0882   0.0032  -0.2131
   11.05  -0.3614  -0.0881   0.0039  -0.2133
   11.05  -0.3608  -0.0880   0.0047  -0.2135
   11.05  -0.3603  -0.0879   0.0054  -0.2137
   11.06  -0.3598  -0.0878   0.0062  -0.2139
   11.06  -0.3593  -0.0878   0.0070  -0.2141
   11.06  -0.3588  -0.0877   0.0078  -0.2142
   11.06  -0.3583  -0.0876   0.0085  -0.2144
   11.07  -0.3577  -0.0875   0.0093  -0.2146
   11.07  -0.3572  -0.0874   0.0101  -0.2148
   11.07  -0.3567  -0.0873   0.0109  -0.2150
   11.08  -0.3562  -0.0872   0.0117  -0.2152
   11.08  -0.3556  -0.0871   0.0124  -0.2153
   11.08  -0.3551  -0.0871   0.0132  -0.2155
   11.08  -0.3546  -0.0870   0.0140  -0.2157
   11.09  -0.3540  -0.0869   0.0148  -0.2158
   11.09  -0.3535  -0.0868   0.0156  -0.2160
   11.09  -0.3530  -0.0867   0.0164  -0.2161
   11.09  -0.3524  -0.0866   0.0172  -0.2163
   11.10  -0.3519  -0.0865   0.0180  -0.2165
   11.10  -0.3514  -0.0864   0.0188  -0.2166
   11.10  -0.3508  -0.0864   0.0197  -0.2168
   11.10  -0.3503  -0.0863   0.0205  -0.2169
   11.11  -0.3497  -0.0862   0.0213  -0.2170
   11.11  -0.3492  -0.0861   0.0221  -0.2172
   11.11  -0.3487  -0.0860   0.0229  -0.2173
   11.11  -0.3481  -0.0859   0.0237  -0.2174
   11.12  -0.3476  -0.0858   0.0246  -0.2176
   11.12  -0.3470  -0.0857   0.0254  -0.2177
   11.12  -0.3465  -0.0857   0.0262  -0.2178
   11.12  -0.3459  -0.0856   0.0270  -0.2179
   11.13  -0.3453  -0.0855   0.0279  -0.2180
   11.13  -0.3448  -0.0854   0.0287  -0.2182
   11.13  -0.3442  -0.0853   0.0295  -0.2183
   11.13  -0.3437  -0.0852   0.0304  -0.2184
   11.14  -0.3431  -0.0851   0.0312  -0.2185
   11.14  -0.3425  -0.0850   0.0321  -0.2186
   11.14  -0.3420  -0.0849   0.0329  -0.2187
   11.14  -0.3414  -0.0849   0.0338  -0.2188
   11.15  -0.3409  -0.0848   0.0346  -0.2189
   11.15  -0.3403  -0.0847   0.0354  -0.2189
   11.15  -0.3397  -0.0846   0.0363  -0.2190
   11.15  -0.3391  -0.0845   0.0371  -0.2191
   11.16  -0.3386  -0.0844   0.0380  -0.2192
   11.16  -0.3380  -0.0843   0.0389  -0.2192
   11.16  -0.3374  -0.0842   0.0397  -0.2193
   11.16  -0.3368  -0.0841   0.0406  -0.2194
   11.17  -0.3363  -0.0840   0.0414  -0.2194
   11.17  -0.3357  -0.0840   0.0423  -0.2195
   11.17  -0.3351  -0.0839   0.0431  -0.2195
   11.18  -0.3345  -0.0838   0.0440  -0.2196
   11.18  -0.3339  -0.0837   0.0449  -0.2196
   11.18  -0.3334  -0.0836   0.0457  -0.2197
   11.18  -0.3328  -0.0835   0.0466  -0.2197
   11.19  -0.3322  -0.0834   0.0475  -0.2198
   11.19  -0.3316  -0.0833   0.0483  -0.2198
   11.19  -0.3310  -0.0832   0.0492  -0.2198
   11.19  -0.3304  -0.0831   0.0501  -0.2198
   11.20  -0.3298  -0.0830   0.0509  -0.2199
   11.20  -0.3292  -0.0829   0.0518  -0.2199
   11.20  -0.3286  -0.0828   0.0527  -0.2199
   11.20  -0.3280  -0.0827   0.0536  -0.2199
   11.21  -0.3274  -0.0827   0.0544  -0.2199
   11.21  -0.3268  -0.0826   0.0553  -0.2199
   11.21  -0.3262  -0.0825   0.0562  -0.2199
   11.21  -0.3256  -0.0824   0.0571  -0.2199
   11.22  -0.3250  -0.0823   0.0579  -0.2199
   11.22  -0.3244  -0.0822   0.0588  -0.2199
   11.22  -0.3238  -0.0821   0.0597  -0.2199
   11.22  -0.3232  -0.0820   0.0606  -0.2198
   11.23  -0.3226  -0.0819   0.0614  -0.2198
   11.23  -0.3220  -0.0818   0.0623  -0.2198
   11.23  -0.3214  -0.0817   0.0632  -0.2197
   11.23  -0.3208  -0.0816   0.0641  -0.2197
   11.24  -0.3201  -0.0815   0.0650  -0.2197
   11.24  -0.3195  -0.0814   0.0658  -0.2196
   11.24  -0.3189  -0.0813   0.0667  -0.2196
   11.24  -0.3183  -0.0812   0.0676  -0.2195
   11.25  -0.3177  -0.0811   0.0685  -0.2195
   11.25  -0.3171  -0.0810   0.0694  -0.2194
   11.25  -0.3164  -0.0809   0.0702  -0.2193
   11.25  -0.3158  -0.0808   0.0711  -0.2193
   11.26  -0.3152  -0.0807   0.0720  -0.2192
   11.26  -0.3146  -0.0806   0.0729  -0.2191
   11.26  -0.3139  -0.0805   0.0737  -0.2190
   11.26  -0.3133  -0.0804   0.0746  -0.2190
   11.27  -0.3127  -0.0803   0.0755  -0.2189
   11.27  -0.3121  -0.0802   0.0764  -0.2188
   11.27  -0.3114  -0.0801   0.0773  -0.2187
   11.28  -0.3108  -0.0799   0.0781  -0.2186
   11.28  -0.3102  -0.0798   0.0790  -0.2185
   11.28  -0.3095  -0.0797   0.0799  -0.2184
   11.28  -0.3089  -0.0796   0.0807  -0.2183
   11.29  -0.3083  -0.0795   0.0816  -0.2182
   11.29  -0.3077  -0.0794   0.0825  -0.2180
   11.29  -0.3070  -0.0793   0.0834  -0.2179
   11.29  -0.3064  -0.0792   0.0842  -0.2178
   11.30  -0.3057  -0.0791   0.0851  -0.2177
   11.30  -0.3051  -0.0790   0.0860  -0.2175
   11.30  -0.3045  -0.0789   0.0868  -0.2174
   11.30  -0.3038  -0.0787   0.0877  -0.2173
   11.31  -0.3032  -0.0786   0.0886  -0.2171
   11.31  -0.3026  -0.0785   0.0894  -0.2170
   11.31  -0.3019  -0.0784   0.0903  -0.2168
   11.31  -0.3013  -0.0783   0.0911  -0.2167
   11.32  -0.3006  -0.0782   0.0920  -0.2165
   11.32  -0.3000  -0.0781   0.0929  -0.2163
   11.32  -0.2994  -0.0779   0.0937  -0.2162
   11.32  -0.2987  -0.0778   0.0946  -0.2160
   11.33  -0.2981  -0.0777   0.0954  -0.2158
   11.33  -0.2974  -0.0776   0.0963  -0.2156
   11.33  -0.2968  -0.0775   0.0971  -0.2155
   11.33  -0.2962  -0.0773   0.0980  -0.2153
   11.34  -0.2955  -0.0772   0.0988  -0.2151
   11.34  -0.2949  -0.0771   0.0996  -0.2149
   11.34  -0.2942  -0.0770   0.1005  -0.2147
   11.34  -0.2936  -0.0769   0.1013  -0.2145
   11.35  -0.2929  -0.0767   0.1022  -0.2143
   11.35  -0.2923  -0.0766   0.1030  -0.2141
   11.35  -0.2917  -0.0765   0.1038  -0.2139
   11.35  -0.2910  -0.0764   0.1046  -0.2137
   11.36  -0.2904  -0.0762   0.1055  -0.2135
   11.36  -0.2897  -0.0761   0.1063  -0.2133
   11.36  -0.2891  -0.0760   0.1071  -0.2130
   11.36  -0.2884  -0.0758   0.1079  -0.2128
   11.37  -0.2878  -0.0757   0.1088  -0.2126
   11.37  -0.2872  -0.0756   0.1096  -0.2124
   11.37  -0.2865  -0.0754   0.1104  -0.2121
   11.38  -0.2859  -0.0753   0.1112  -0.2119
   11.38  -0.2852  -0.0752   0.1120  -0.2117
   11.38  -0.2846  -0.0751   0.1128  -0.2114
   11.38  -0.2839  -0.0749   0.1136  -0.2112
   11.39  -0.2833  -0.0748   0.1144  -0.2109
   11.39  -0.2827  -0.0746   0.1152  -0.2107
   11.39  -0.2820  -0.0745   0.1160  -0.2104
   11.39  -0.2814  -0.0744   0.1168  -0.2102
   11.40  -0.2807  -0.0742   0.1175  -0.2099
   11.40  -0.2801  -0.0741   0.1183  -0.2096
   11.40  -0.2795  -0.0740   0.1191  -0.2094
   11.40  -0.2788  -0.0738   0.1199  -0.2091
   11.41  -0.2782  -0.0737   0.1206  -0.2088
   11.41  -0.2776  -0.0735   0.1214  -0.2086
   11.41  -0.2769  -0.0734   0.1222  -0.2083
   11.41  -0.2763  -0.0733   0.1229  -0.2080
   11.42  -0.2757  -0.0731   0.1237  -0.2078
   11.42  -0.2750  -0.0730   0.1244  -0.2075
   11.42  -0.2744  -0.0728   0.1252  -0.2072
   11.42  -0.2738  -0.0727   0.1259  -0.2069
   11.43  -0.2731  -0.0725   0.1267  -0.2066
   11.43  -0.2725  -0.0724   0.1274  -0.2063
   11.43  -0.2719  -0.0723   0.1282  -0.2060
   11.43  -0.2713  -0.0721   0.1289  -0.2057
   11.44  -0.2706  -0.0720   0.1296  -0.2054
   11.44  -0.2700  -0.0718   0.1303  -0.2051
   11.44  -0.2694  -0.0717   0.1311  -0.2049
   11.44  -0.2688  -0.0715   0.1318  -0.2045
   11.45  -0.2682  -0.0714   0.1325  -0.2042
   11.45  -0.2675  -0.0712   0.1332  -0.2039
   11.45  -0.2669  -0.0711   0.1339  -0.2036
   11.45  -0.2663  -0.0709   0.1346  -0.2033
   11.46  -0.2657  -0.0708   0.1353  -0.2030
   11.46  -0.2651  -0.0706   0.1360  -0.2027
   11.46  -0.2645  -0.0705   0.1366  -0.2024
   11.46  -0.2639  -0.0703   0.1373  -0.2021
   11.47  -0.2633  -0.0702   0.1380  -0.2018
   11.47  -0.2627  -0.0700   0.1387  -0.2015
   11.47  -0.2621  -0.0698   0.1393  -0.2011
   11.47  -0.2615  -0.0697   0.1400  -0.2008
   11.48  -0.2609  -0.0695   0.1407  -0.2005
   11.48  -0.2603  -0.0694   0.1413  -0.2002
   11.48  -0.2597  -0.0692   0.1420  -0.1999
   11.49  -0.2591  -0.0691   0.1426  -0.1995
   11.49  -0.2585  -0.0689   0.1432  -0.1992
   11.49  -0.2579  -0.0688   0.1439  -0.1989
   11.49  -0.2573  -0.0686   0.1445  -0.1986
   11.50  -0.2568  -0.0685   0.1451  -0.1982
   11.50  -0.2562  -0.0683   0.1457  -0.1979
   11.50  -0.2556  -0.0681   0.1464  -0.1976
   11.50  -0.2550  -0.0680   0.1470  -0.1973
   11.51  -0.2545  -0.0678   0.1476  -0.1969
   11.51  -0.2539  -0.0677   0.1482  -0.1966
   11.51  -0.2533  -0.0675   0.1488  -0.1963
   11.51  -0.2528  -0.0674   0.1494  -0.1960
   11.52  -0.2522  -0.0672   0.1499  -0.1956
   11.52  -0.2516  -0.0670   0.1505  -0.1953
   11.52  -0.2511  -0.0669   0.1511  -0.1950
   11.52  -0.2505  -0.0667   0.1517  -0.1946
   11.53  -0.2500  -0.0666   0.1522  -0.1943
   11.53  -0.2494  -0.0664   0.1528  -0.1940
   11.53  -0.2489  -0.0663   0.1533  -0.1937
   11.53  -0.2483  -0.0661   0.1539  -0.1933
   11.54  -0.2478  -0.0660   0.1544  -0.1930
   11.54  -0.2473  -0.0658   0.1550  -0.1927
   11.54  -0.2467  -0.0656   0.1555  -0.1923
   11.54  -0.2462  -0.0655   0.1560  -0.1920
   11.55  -0.2457  -0.0653   0.1565  -0.1917
   11.55  -0.2452  -0.0652   0.1571  -0.1914
   11.55  -0.2446  -0.0650   0.1576  -0.1910
   11.55  -0.2441  -0.0649   0.1581  -0.1907
   11.56  -0.2436  -0.0647   0.1586  -0.1904
   11.56  -0.2431  -0.0646   0.1591  -0.1901
   11.56  -0.2426  -0.0644   0.1595  -0.1898
   11.56  -0.2421  -0.0643   0.1600  -0.1894
   11.57  -0.2416  -0.0641   0.1605  -0.1891
   11.57  -0.2411  -0.0640   0.1610  -0.1888
   11.57  -0.2406  -0.0638   0.1614  -0.1885
   11.57  -0.2401  -0.0637   0.1619  -0.1882
   11.58  -0.2396  -0.0635   0.1623  -0.1879
   11.58  -0.2392  -0.0634   0.1628  -0.1875
   11.58  -0.2387  -0.0632   0.1632  -0.1872
   11.59  -0.2382  -0.0631   0.1637  -0.1869
   11.59  -0.2377  -0.0629   0.1641  -0.1866
   11.59  -0.2373  -0.0628   0.1645  -0.1863
   11.59  -0.2368  -0.0626   0.1650  -0.1860
   11.60  -0.2364  -0.0625   0.1654  -0.1857
   11.60  -0.2359  -0.0623   0.1658  -0.1854
   11.60  -0.2355  -0.0622   0.1662  -0.1851
   11.60  -0.2350  -0.0621   0.1666  -0.1848
   11.61  -0.2346  -0.0619   0.1670  -0.1845
   11.61  -0.2341  -0.0618   0.1673  -0.1842
   11.61  -0.2337  -0.0616   0.1677  -0.1839
   11.61  -0.2333  -0.0615   0.1681  -0.1836
   11.62  -0.2329  -0.0614   0.1685  -0.1834
   11.62  -0.2324  -0.0612   0.1688  -0.1831
   11.62  -0.2320  -0.0611   0.1692  -0.1828
   11.62  -0.2316  -0.0610   0.1695  -0.1825
   11.63  -0.2312  -0.0608   0.1699  -0.1822
   11.63  -0.2308  -0.0607   0.1702  -0.1820
   11.63  -0.2304  -0.0606   0.1705  -0.1817
   11.63  -0.2300  -0.0604   0.1709  -0.1814
   11.64  -0.2296  -0.0603   0.1712  -0.1812
   11.64  -0.2293  -0.0602   0.1715  -0.1809
   11.64  -0.2289  -0.0601   0.1718  -0.1806
   11.64  -0.2285  -0.0599   0.1721  -0.1804
   11.65  -0.2281  -0.0598   0.1724  -0.1801
   11.65  -0.2278  -0.0597   0.1727  -0.1799
   11.65  -0.2274  -0.0596   0.1730  -0.1796
   11.65  -0.2271  -0.0595   0.1733  -0.1794
   11.66  -0.2267  -0.0594   0.1735  -0.1791
   11.66  -0.2264  -0.0592   0.1738  -0.1789
   11.66  -0.2260  -0.0591   0.1741  -0.1787
   11.66  -0.2257  -0.0590   0.1743  -0.1784
   11.67  -0.2254  -0.0589   0.1746  -0.1782
   11.67  -0.2250  -0.0588   0.1748  -0.1780
   11.67  -0.2247  -0.0587   0.1750  -0.1777
   11.67  -0.2244  -0.0586   0.1753  -0.1775
   11.68  -0.2241  -0.0585   0.1755  -0.1773
   11.68  -0.2238  -0.0584   0.1757  -0.1771
   11.68  -0.2235  -0.0583   0.1759  -0.1769
   11.69  -0.2232  -0.0582   0.1761  -0.1767
   11.69  -0.2229  -0.0581   0.1763  -0.1765
   11.69  -0.2226  -0.0580   0.1765  -0.1763
   11.69  -0.2223  -0.0579   0.1767  -0.1761
   11.70  -0.2221  -0.0578   0.1769  -0.1759
   11.70  -0.2218  -0.0578   0.1771  -0.1757
   11.70  -0.2215  -0.0577   0.1772  -0.1755
   11.70  -0.2213  -0.0576   0.1774  -0.1753
   11.71  -0.2210  -0.0575   0.1776  -0.1751
   11.71  -0.2208  -0.0574   0.1777  -0.1750
   11.71  -0.2205  -0.0573   0.1779  -0.1748
   11.71  -0.2203  -0.0573   0.1780  -0.1746
   11.72  -0.2201  -0.0572   0.1781  -0.1745
   11.72  -0.2198  -0.0571   0.1783  -0.1743
   11.72  -0.2196  -0.0571   0.1784  -0.1742
   11.72  -0.2194  -0.0570   0.1785  -0.1740
   11.73  -0.2192  -0.0569   0.1786  -0.1739
   11.73  -0.2190  -0.0569   0.1787  -0.1737
   11.73  -0.2188  -0.0568   0.1788  -0.1736
   11.73  -0.2186  -0.0568   0.1789  -0.1734
   11.74  -0.2184  -0.0567   0.1790  -0.1733
   11.74  -0.2182  -0.0566   0.1791  -0.1732
   11.74  -0.2180  -0.0566   0.1791  -0.1731
   11.74  -0.2179  -0.0565   0.1792  -0.1730
   11.75  -0.2177  -0.0565   0.1793  -0.1728
   11.75  -0.2175  -0.0565   0.1793  -0.1727
   11.75  -0.2174  -0.0564   0.1794  -0.1726
   11.75  -0.2172  -0.0564   0.1794  -0.1725
   11.76  -0.2171  -0.0563   0.1795  -0.1724
   11.76  -0.2169  -0.0563   0.1795  -0.1723
   11.76  -0.2168  -0.0563   0.1795  -0.1723
   11.76  -0.2167  -0.0562   0.1795  -0.1722
   11.77  -0.2165  -0.0562   0.1796  -0.1721
   11.77  -0.2164  -0.0562   0.1796  -0.1720
   11.77  -0.2163  -0.0562   0.1796  -0.1719
   11.77  -0.2162  -0.0561   0.1796  -0.1719
   11.78  -0.2161  -0.0561   0.1796  -0.1718
   11.78  -0.2160  -0.0561   0.1795  -0.1718
   11.78  -0.2159  -0.0561   0.1795  -0.1717
   11.79  -0.2158  -0.0561   0.1795  -0.1717
   11.79  -0.2158  -0.0561   0.1795  -0.1716
   11.79  -0.2157  -0.0561   0.1794  -0.1716
   11.79  -0.2156  -0.0561   0.1794  -0.1715
   11.80  -0.2155  -0.0561   0.1793  -0.1715
   11.80  -0.2155  -0.0561   0.1793  -0.1715
   11.80  -0.2154  -0.0561   0.1792  -0.1715
   11.80  -0.2154  -0.0561   0.1791  -0.1714
   11.81  -0.2154  -0.0561   0.1791  -0.1714
   11.81  -0.2153  -0.0561   0.1790  -0.1714
   11.81  -0.2153  -0.0561   0.1789  -0.1714
   11.81  -0.2153  -0.0561   0.1788  -0.1714
   11.82  -0.2152  -0.0561   0.1787  -0.1714
   11.82  -0.2152  -0.0562   0.1786  -0.1714
   11.82  -0.2152  -0.0562   0.1785  -0.1714
   11.82  -0.2152  -0.0562   0.1784  -0.1715
   11.83  -0.2152  -0.0562   0.1782  -0.1715
   11.83  -0.2152  -0.0563   0.1781  -0.1715
   11.83  -0.2153  -0.0563   0.1780  -0.1715
   11.83  -0.2153  -0.0563   0.1778  -0.1716
   11.84  -0.2153  -0.0564   0.1777  -0.1716
   11.84  -0.2153  -0.0564   0.1775  -0.1717
   11.84  -0.2154  -0.0564   0.1774  -0.1717
   11.84  -0.2154  -0.0565   0.1772  -0.1718
   11.85  -0.2155  -0.0565   0.1770  -0.1718
   11.85  -0.2155  -0.0566   0.1769  -0.1719
   11.85  -0.2156  -0.0566   0.1767  -0.1719
   11.85  -0.2156  -0.0567   0.1765  -0.1720
   11.86  -0.2157  -0.0567   0.1763  -0.1721
   11.86  -0.2158  -0.0568   0.1761  -0.1722
   11.86  -0.2159  -0.0568   0.1759  -0.1722
   11.86  -0.2160  -0.0569   0.1757  -0.1723
   11.87  -0.2160  -0.0570   0.1755  -0.1724
   11.87  -0.2161  -0.0570   0.1752  -0.1725
   11.87  -0.2162  -0.0571   0.1750  -0.1726
   11.87  -0.2163  -0.0572   0.1748  -0.1727
   11.88  -0.2165  -0.0572   0.1745  -0.1728
   11.88  -0.2166  -0.0573   0.1743  -0.1729
   11.88  -0.2167  -0.0574   0.1740  -0.1730
   11.88  -0.2168  -0.0575   0.1738  -0.1731
   11.89  -0.2170  -0.0576   0.1735  -0.1732
   11.89  -0.2171  -0.0576   0.1732  -0.1734
   11.89  -0.2172  -0.0577   0.1729  -0.1735
   11.90  -0.2174  -0.0578   0.1727  -0.1736
   11.90  -0.2175  -0.0579   0.1724  -0.1738
   11.90  -0.2177  -0.0580   0.1721  -0.1739
   11.90  -0.2179  -0.0581   0.1718  -0.1740
   11.91  -0.2180  -0.0582   0.1715  -0.1742
   11.91  -0.2182  -0.0583   0.1711  -0.1743
   11.91  -0.2184  -0.0584   0.1708  -0.1745
   11.91  -0.2186  -0.0585   0.1705  -0.1746
   11.92  -0.2188  -0.0586   0.1702  -0.1748
   11.92  -0.2190  -0.0587   0.1698  -0.1750
   11.92  -0.2192  -0.0588   0.1695  -0.1751
   11.92  -0.2194  -0.0589   0.1691  -0.1753
   11.93  -0.2196  -0.0590   0.1688  -0.1755
   11.93  -0.2198  -0.0591   0.1684  -0.1756
   11.93  -0.2200  -0.0592   0.1680  -0.1758
   11.93  -0.2202  -0.0593   0.1677  -0.1760
   11.94  -0.2205  -0.0594   0.1673  -0.1762
   11.94  -0.2207  -0.0596   0.1669  -0.1764
   11.94  -0.2209  -0.0597   0.1665  -0.1765
   11.94  -0.2212  -0.0598   0.1661  -0.1767
   11.95  -0.2214  -0.0599   0.1657  -0.1769
   11.95  -0.2217  -0.0600   0.1653  -0.1771
   11.95  -0.2219  -0.0602   0.1649  -0.1773
   11.95  -0.2222  -0.0603   0.1644  -0.1775
   11.96  -0.2225  -0.0604   0.1640  -0.1777
   11.96  -0.2227  -0.0606   0.1636  -0.1779
   11.96  -0.2230  -0.0607   0.1631  -0.1781
   11.96  -0.2233  -0.0608   0.1627  -0.1783
   11.97  -0.2236  -0.0610   0.1622  -0.1786
   11.97  -0.2238  -0.0611   0.1618  -0.1788
   11.97  -0.2241  -0.0612   0.1613  -0.1790
   11.97  -0.2244  -0.0614   0.1609  -0.1792
   11.98  -0.2247  -0.0615   0.1604  -0.1794
   11.98  -0.2250  -0.0616   0.1599  -0.1797
   11.98  -0.2253  -0.0618   0.1594  -0.1799
   11.98  -0.2257  -0.0619   0.1589  -0.1801
   11.99  -0.2260  -0.0621   0.1584  -0.1803
   11.99  -0.2263  -0.0622   0.1579  -0.1806
   11.99  -0.2266  -0.0624   0.1574  -0.1808
   12.00  -0.2269  -0.0625   0.1569  -0.1810
   12.00  -0.2273  -0.0626   0.1564  -0.1813
   12.00  -0.2276  -0.0628   0.1558  -0.1815
   12.00  -0.2279  -0.0629   0.1553  -0.1818
   12.01  -0.2283  -0.0631   0.1548  -0.1820
   12.01  -0.2286  -0.0632   0.1542  -0.1822
   12.01  -0.2290  -0.0634   0.1537  -0.1825
   12.01  -0.2293  -0.0635   0.1531  -0.1827
   12.02  -0.2297  -0.0637   0.1526  -0.1830
   12.02  -0.2301  -0.0639   0.1520  -0.1832
   12.02  -0.2304  -0.0640   0.1514  -0.1835
   12.02  -0.2308  -0.0642   0.1508  -0.1837
   12.03  -0.2312  -0.0643   0.1502  -0.1840
   12.03  -0.2315  -0.0645   0.1497  -0.1842
   12.03  -0.2319  -0.0646   0.1491  -0.1845
   12.03  -0.2323  -0.0648   0.1485  -0.1847
   12.04  -0.2327  -0.0650   0.1479  -0.1850
   12.04  -0.2331  -0.0651   0.1472  -0.1852
   12.04  -0.2335  -0.0653   0.1466  -0.1855
   12.04  -0.2339  -0.0654   0.1460  -0.1857
   12.05  -0.2343  -0.0656   0.1454  -0.1860
   12.05  -0.2347  -0.0658   0.1447  -0.1862
   12.05  -0.2351  -0.0659   0.1441  -0.1865
   12.05  -0.2355  -0.0661   0.1435  -0.1867
   12.06  -0.2359  -0.0663   0.1428  -0.1870
   12.06  -0.2363  -0.0664   0.1421  -0.1872
   12.06  -0.2367  -0.0666   0.1415  -0.1875
   12.06  -0.2371  -0.0667   0.1408  -0.1877
   12.07  -0.2376  -0.0669   0.1401  -0.1880
   12.07  -0.2380  -0.0671   0.1395  -0.1883
   12.07  -0.2384  -0.0672   0.1388  -0.1885
   12.07  -0.2388  -0.0674   0.1381  -0.1888
   12.08  -0.2393  -0.0676   0.1374  -0.1890
   12.08  -0.2397  -0.0677   0.1367  -0.1893
   12.08  -0.2402  -0.0679   0.1360  -0.1895
   12.08  -0.2406  -0.0681   0.1353  -0.1898
   12.09  -0.2410  -0.0682   0.1346  -0.1900
   12.09  -0.2415  -0.0684   0.1339  -0.1903
   12.09  -0.2419  -0.0686   0.1331  -0.1905
   12.10  -0.2424  -0.0688   0.1324  -0.1907
   12.10  -0.2428  -0.0689   0.1317  -0.1910
   12.10  -0.2433  -0.0691   0.1310  -0.1912
   12.10  -0.2437  -0.0693   0.1302  -0.1915
   12.11  -0.2442  -0.0694   0.1295  -0.1917
   12.11  -0.2447  -0.0696   0.1287  -0.1920
   12.11  -0.2451  -0.0698   0.1280  -0.1922
   12.11  -0.2456  -0.0699   0.1272  -0.1924
   12.12  -0.2461  -0.0701   0.1264  -0.1927
   12.12  -0.2465  -0.0703   0.1257  -0.1929
   12.12  -0.2470  -0.0704   0.1249  -0.1931
   12.12  -0.2475  -0.0706   0.1241  -0.1934
   12.13  -0.2479  -0.0708   0.1233  -0.1936
   12.13  -0.2484  -0.0710   0.1225  -0.1938
   12.13  -0.2489  -0.0711   0.1217  -0.1941
   12.13  -0.2494  -0.0713   0.1210  -0.1943
   12.14  -0.2498  -0.0715   0.1202  -0.1945
   12.14  -0.2503  -0.0716   0.1193  -0.1947
   12.14  -0.2508  -0.0718   0.1185  -0.1949
   12.14  -0.2513  -0.0720   0.1177  -0.1951
   12.15  -0.2518  -0.0721   0.1169  -0.1954
   12.15  -0.2523  -0.0723   0.1161  -0.1956
   12.15  -0.2527  -0.0725   0.1153  -0.1958
   12.15  -0.2532  -0.0727   0.1144  -0.1960
   12.16  -0.2537  -0.0728   0.1136  -0.1962
   12.16  -0.2542  -0.0730   0.1128  -0.1964
   12.16  -0.2547  -0.0732   0.1119  -0.1966
   12.16  -0.2552  -0.0733   0.1111  -0.1968
   12.17  -0.2557  -0.0735   0.1102  -0.1970
   12.17  -0.2562  -0.0737   0.1094  -0.1972
   12.17  -0.2567  -0.0738   0.1085  -0.1974
   12.17  -0.2572  -0.0740   0.1077  -0.1975
   12.18  -0.2577  -0.0742   0.1068  -0.1977
   12.18  -0.2582  -0.0744   0.1059  -0.1979
   12.18  -0.2587  -0.0745   0.1051  -0.1981
   12.18  -0.2592  -0.0747   0.1042  -0.1982
   12.19  -0.2597  -0.0749   0.1033  -0.1984
   12.19  -0.2602  -0.0750   0.1024  -0.1986
   12.19  -0.2607  -0.0752   0.1016  -0.1987
   12.20  -0.2612  -0.0754   0.1007  -0.1989
   12.20  -0.2617  -0.0755   0.0998  -0.1991
   12.20  -0.2622  -0.0757   0.0989  -0.1992
   12.20  -0.2627  -0.0759   0.0980  -0.1994
   12.21  -0.2632  -0.0760   0.0971  -0.1995
   12.21  -0.2637  -0.0762   0.0962  -0.1996
   12.21  -0.2642  -0.0764   0.0953  -0.1998
   12.21  -0.2647  -0.0766   0.0944  -0.1999
   12.22  -0.2653  -0.0767   0.0935  -0.2001
   12.22  -0.2658  -0.0769   0.0926  -0.2002
   12.22  -0.2663  -0.0771   0.0916  -0.2003
   12.22  -0.2668  -0.0772   0.0907  -0.2004
   12.23  -0.2673  -0.0774   0.0898  -0.2005
   12.23  -0.2678  -0.0776   0.0889  -0.2007
   12.23  -0.2683  -0.0777   0.0880  -0.2008
   12.23  -0.2688  -0.0779   0.0870  -0.2009
   12.24  -0.2693  -0.0781   0.0861  -0.2010
   12.24  -0.2698  -0.0782   0.0852  -0.2011
   12.24  -0.2703  -0.0784   0.0843  -0.2012
   12.24  -0.2709  -0.0786   0.0833  -0.2012
   12.25  -0.2714  -0.0787   0.0824  -0.2013
   12.25  -0.2719  -0.0789   0.0814  -0.2014
   12.25  -0.2724  -0.0791   0.0805  -0.2015
   12.25  -0.2729  -0.0793   0.0796  -0.2016
   12.26  -0.2734  -0.0794   0.0786  -0.2016
   12.26  -0.2739  -0.0796   0.0777  -0.2017
   12.26  -0.2744  -0.0798   0.0767  -0.2018
   12.26  -0.2749  -0.0799   0.0758  -0.2018
   12.27  -0.2754  -0.0801   0.0748  -0.2019
   12.27  -0.2760  -0.0803   0.0739  -0.2019
   12.27  -0.2765  -0.0804   0.0729  -0.2020
   12.27  -0.2770  -0.0806   0.0720  -0.2020
   12.28  -0.2775  -0.0808   0.0710  -0.2020
   12.28  -0.2780  -0.0809   0.0701  -0.2021
   12.28  -0.2785  -0.0811   0.0691  -0.2021
   12.28  -0.2790  -0.0813   0.0681  -0.2021
   12.29  -0.2795  -0.0814   0.0672  -0.2021
   12.29  -0.2800  -0.0816   0.0662  -0.2021
   12.29  -0.2805  -0.0818   0.0653  -0.2021
   12.29  -0.2810  -0.0820   0.0643  -0.2021
   12.30  -0.2815  -0.0821   0.0633  -0.2021
   12.30  -0.2820  -0.0823   0.0624  -0.2021
   12.30  -0.2826  -0.0825   0.0614  -0.2021
   12.31  -0.2831  -0.0826   0.0604  -0.2021
   12.31  -0.2836  -0.0828   0.0595  -0.2021
   12.31  -0.2841  -0.0830   0.0585  -0.2021
   12.31  -0.2846  -0.0832   0.0575  -0.2020
   12.32  -0.2851  -0.0833   0.0566  -0.2020
   12.32  -0.2856  -0.0835   0.0556  -0.2019
   12.32  -0.2861  -0.0837   0.0546  -0.2019
   12.32  -0.2866  -0.0838   0.0537  -0.2019
   12.33  -0.2871  -0.0840   0.0527  -0.2018
   12.33  -0.2876  -0.0842   0.0517  -0.2017
   12.33  -0.2881  -0.0844   0.0508  -0.2017
   12.33  -0.2886  -0.0845   0.0498  -0.2016
   12.34  -0.2891  -0.0847   0.0488  -0.2015
   12.34  -0.2896  -0.0849   0.0479  -0.2015
   12.34  -0.2901  -0.0851   0.0469  -0.2014
   12.34  -0.2906  -0.0852   0.0459  -0.2013
   12.35  -0.2911  -0.0854   0.0450  -0.2012
   12.35  -0.2916  -0.0856   0.0440  -0.2011
   12.35  -0.2921  -0.0858   0.0430  -0.2010
   12.35  -0.2926  -0.0859   0.0421  -0.2009
   12.36  -0.2931  -0.0861   0.0411  -0.2008
   12.36  -0.2936  -0.0863   0.0401  -0.2007
   12.36  -0.2940  -0.0865   0.0392  -0.2006
   12.36  -0.2945  -0.0866   0.0382  -0.2004
   12.37  -0.2950  -0.0868   0.0372  -0.2003
   12.37  -0.2955  -0.0870   0.0363  -0.2002
   12.37  -0.2960  -0.0872   0.0353  -0.2000
   12.37  -0.2965  -0.0873   0.0344  -0.1999
   12.38  -0.2970  -0.0875   0.0334  -0.1998
   12.38  -0.2975  -0.0877   0.0325  -0.1996
   12.38  -0.2980  -0.0879   0.0315  -0.1994
   12.38  -0.2985  -0.0881   0.0305  -0.1993
   12.39  -0.2989  -0.0882   0.0296  -0.1991
   12.39  -0.2994  -0.0884   0.0286  -0.1989
   12.39  -0.2999  -0.0886   0.0277  -0.1988
   12.39  -0.3004  -0.0888   0.0267  -0.1986
   12.40  -0.3009  -0.0890   0.0258  -0.1984
   12.40  -0.3014  -0.0891   0.0248  -0.1982
