 Fre(Hz),  er,  ei,  ur,  ui
8300000000.0000,2.0255,0.0283,1.0179,0.0202
8302562500.0000,2.0236,0.0267,1.0164,0.0207
8305125000.0000,2.0298,0.0289,1.0208,0.0235
8307687500.0000,2.0268,0.0289,1.0201,0.0191
8310250000.0000,2.0241,0.0289,1.0174,0.0219
8312812500.0000,2.0266,0.0307,1.0169,0.0207
8315375000.0000,2.0253,0.0302,1.0155,0.0178
8317937500.0000,2.0267,0.0277,1.0201,0.0250
8320500000.0000,2.0269,0.0286,1.0218,0.0228
8323062500.0000,2.0234,0.0282,1.0200,0.0267
8325625000.0000,2.0251,0.0279,1.0230,0.0232
8328187500.0000,2.0250,0.0289,1.0187,0.0244
8330750000.0000,2.0272,0.0297,1.0193,0.0162
8333312500.0000,2.0288,0.0259,1.0403,0.0208
8335875000.0000,2.0257,0.0293,1.0175,0.0200
8338437500.0000,2.0225,0.0266,1.0228,0.0218
8341000000.0000,2.0251,0.0287,1.0189,0.0171
8343562500.0000,2.0225,0.0293,1.0196,0.0235
8346125000.0000,2.0246,0.0295,1.0181,0.0232
8348687500.0000,2.0265,0.0296,1.0175,0.0187
8351250000.0000,2.0277,0.0298,1.0208,0.0195
8353812500.0000,2.0241,0.0305,1.0199,0.0202
8356375000.0000,2.0209,0.0311,1.0174,0.0187
8358937500.0000,2.0250,0.0277,1.0167,0.0135
8361500000.0000,2.0244,0.0277,1.0187,0.0219
8364062500.0000,2.0234,0.0278,1.0182,0.0189
8366625000.0000,2.0246,0.0290,1.0193,0.0187
8369187500.0000,2.0211,0.0311,1.0180,0.0205
8371750000.0000,2.0201,0.0301,1.0155,0.0195
8374312500.0000,2.0270,0.0296,1.0187,0.0227
8376875000.0000,2.0272,0.0276,1.0171,0.0231
8379437500.0000,2.0245,0.0262,1.0153,0.0204
8382000000.0000,2.0247,0.0287,1.0200,0.0206
8384562500.0000,2.0218,0.0300,1.0153,0.0161
8387125000.0000,2.0257,0.0313,1.0210,0.0162
8389687500.0000,2.0271,0.0297,1.0210,0.0216
8392250000.0000,2.0263,0.0293,1.0176,0.0144
8394812500.0000,2.0256,0.0298,1.0172,0.0190
8397375000.0000,2.0260,0.0290,1.0196,0.0183
8399937500.0000,2.0266,0.0271,1.0196,0.0256
8402500000.0000,2.0264,0.0304,1.0207,0.0226
8405062500.0000,2.0291,0.0286,1.0165,0.0211
8407625000.0000,2.0277,0.0302,1.0162,0.0237
8410187500.0000,2.0261,0.0300,1.0174,0.0213
8412750000.0000,2.0286,0.0277,1.0183,0.0211
8415312500.0000,2.0272,0.0313,1.0170,0.0224
8417875000.0000,2.0272,0.0296,1.0181,0.0248
8420437500.0000,2.0281,0.0278,1.0195,0.0211
8423000000.0000,2.0282,0.0302,1.0167,0.0243
8425562500.0000,2.0243,0.0320,1.0176,0.0248
8428125000.0000,2.0267,0.0295,1.0174,0.0225
8430687500.0000,2.0260,0.0286,1.0164,0.0189
8433250000.0000,2.0239,0.0309,1.0183,0.0221
8435812500.0000,2.0266,0.0307,1.0180,0.0234
8438375000.0000,2.0250,0.0292,1.0213,0.0214
8440937500.0000,2.0275,0.0271,1.0194,0.0191
8443500000.0000,2.0256,0.0270,1.0218,0.0213
8446062500.0000,2.0261,0.0300,1.0172,0.0243
8448625000.0000,2.0284,0.0305,1.0161,0.0184
8451187500.0000,2.0274,0.0292,1.0178,0.0229
8453750000.0000,2.0283,0.0301,1.0170,0.0230
8456312500.0000,2.0277,0.0307,1.0131,0.0202
8458875000.0000,2.0249,0.0286,1.0152,0.0220
8461437500.0000,2.0249,0.0278,1.0182,0.0221
8464000000.0000,2.0268,0.0264,1.0174,0.0208
8466562500.0000,2.0264,0.0264,1.0154,0.0216
8469125000.0000,2.0275,0.0279,1.0167,0.0197
8471687500.0000,2.0258,0.0267,1.0133,0.0218
8474250000.0000,2.0265,0.0274,1.0144,0.0185
8476812500.0000,2.0262,0.0296,1.0214,0.0198
8479375000.0000,2.0250,0.0287,1.0194,0.0163
8481937500.0000,2.0243,0.0268,1.0203,0.0141
8484500000.0000,2.0266,0.0267,1.0171,0.0204
8487062500.0000,2.0257,0.0269,1.0157,0.0197
8489625000.0000,2.0271,0.0274,1.0137,0.0190
8492187500.0000,2.0288,0.0249,1.0149,0.0168
8494750000.0000,2.0291,0.0263,1.0202,0.0177
8497312500.0000,2.0273,0.0275,1.0162,0.0239
8499875000.0000,2.0233,0.0269,1.0187,0.0222
8502437500.0000,2.0249,0.0286,1.0185,0.0210
8505000000.0000,2.0267,0.0264,1.0203,0.0173
8507562500.0000,2.0288,0.0272,1.0155,0.0183
8510125000.0000,2.0276,0.0250,1.0190,0.0164
8512687500.0000,2.0278,0.0272,1.0174,0.0177
8515250000.0000,2.0260,0.0295,1.0129,0.0205
8517812500.0000,2.0257,0.0292,1.0147,0.0240
8520375000.0000,2.0256,0.0279,1.0193,0.0219
8522937500.0000,2.0251,0.0258,1.0223,0.0161
8525500000.0000,2.0257,0.0249,1.0224,0.0197
8528062500.0000,2.0314,0.0290,1.0112,0.0208
8530625000.0000,2.0267,0.0272,1.0154,0.0185
8533187500.0000,2.0303,0.0280,1.0152,0.0217
8535750000.0000,2.0282,0.0281,1.0131,0.0179
8538312500.0000,2.0250,0.0296,1.0217,0.0223
8540875000.0000,2.0270,0.0305,1.0174,0.0243
8543437500.0000,2.0265,0.0296,1.0144,0.0224
8546000000.0000,2.0294,0.0291,1.0130,0.0204
8548562500.0000,2.0236,0.0297,1.0212,0.0166
8551125000.0000,2.0246,0.0291,1.0195,0.0210
8553687500.0000,2.0268,0.0292,1.0202,0.0221
8556250000.0000,2.0288,0.0298,1.0140,0.0213
8558812500.0000,2.0277,0.0296,1.0135,0.0170
8561375000.0000,2.0255,0.0314,1.0213,0.0186
8563937500.0000,2.0264,0.0298,1.0165,0.0214
8566500000.0000,2.0295,0.0310,1.0158,0.0192
8569062500.0000,2.0255,0.0297,1.0206,0.0190
8571625000.0000,2.0247,0.0318,1.0201,0.0213
8574187500.0000,2.0260,0.0285,1.0163,0.0189
8576750000.0000,2.0243,0.0276,1.0205,0.0164
8579312500.0000,2.0259,0.0309,1.0205,0.0227
8581875000.0000,2.0275,0.0283,1.0183,0.0224
8584437500.0000,2.0277,0.0301,1.0177,0.0200
8587000000.0000,2.0269,0.0303,1.0182,0.0190
8589562500.0000,2.0247,0.0308,1.0176,0.0208
8592125000.0000,2.0287,0.0282,1.0181,0.0200
8594687500.0000,2.0273,0.0285,1.0171,0.0184
8597250000.0000,2.0240,0.0272,1.0191,0.0194
8599812500.0000,2.0270,0.0269,1.0180,0.0185
8602375000.0000,2.0243,0.0241,1.0208,0.0225
8604937500.0000,2.0260,0.0279,1.0144,0.0231
8607500000.0000,2.0257,0.0273,1.0178,0.0190
8610062500.0000,2.0278,0.0288,1.0151,0.0175
8612625000.0000,2.0264,0.0292,1.0179,0.0220
8615187500.0000,2.0271,0.0265,1.0203,0.0159
8617750000.0000,2.0275,0.0253,1.0178,0.0180
8620312500.0000,2.0292,0.0267,1.0172,0.0193
8622875000.0000,2.0288,0.0287,1.0162,0.0273
8625437500.0000,2.0290,0.0243,1.0229,0.0130
8628000000.0000,2.0256,0.0297,1.0198,0.0239
8630562500.0000,2.0232,0.0235,1.0254,0.0178
8633125000.0000,2.0263,0.0238,1.0202,0.0142
8635687500.0000,2.0268,0.0243,1.0212,0.0188
8638250000.0000,2.0269,0.0275,1.0165,0.0171
8640812500.0000,2.0276,0.0257,1.0213,0.0184
8643375000.0000,2.0261,0.0284,1.0197,0.0215
8645937500.0000,2.0287,0.0265,1.0192,0.0187
8648500000.0000,2.0261,0.0247,1.0213,0.0209
8651062500.0000,2.0258,0.0298,1.0197,0.0168
8653625000.0000,2.0245,0.0283,1.0180,0.0164
8656187500.0000,2.0281,0.0277,1.0170,0.0200
8658750000.0000,2.0282,0.0305,1.0172,0.0196
8661312500.0000,2.0285,0.0302,1.0185,0.0202
8663875000.0000,2.0343,0.0264,1.0180,0.0194
8666437500.0000,2.0267,0.0361,1.0163,0.0204
8669000000.0000,2.0311,0.0327,1.0174,0.0165
8671562500.0000,2.0250,0.0292,1.0210,0.0225
8674125000.0000,2.0301,0.0272,1.0221,0.0183
8676687500.0000,2.0287,0.0267,1.0211,0.0205
8679250000.0000,2.0281,0.0295,1.0185,0.0189
8681812500.0000,2.0275,0.0294,1.0180,0.0205
8684375000.0000,2.0285,0.0298,1.0182,0.0203
8686937500.0000,2.0282,0.0276,1.0197,0.0199
8689500000.0000,2.0290,0.0277,1.0203,0.0163
8692062500.0000,2.0298,0.0311,1.0166,0.0182
8694625000.0000,2.0279,0.0309,1.0176,0.0222
8697187500.0000,2.0252,0.0304,1.0212,0.0230
8699750000.0000,2.0255,0.0323,1.0180,0.0255
8702312500.0000,2.0240,0.0288,1.0219,0.0220
8704875000.0000,2.0242,0.0309,1.0203,0.0262
8707437500.0000,2.0269,0.0300,1.0200,0.0224
8710000000.0000,2.0280,0.0306,1.0173,0.0177
8712562500.0000,2.0276,0.0324,1.0201,0.0211
8715125000.0000,2.0290,0.0320,1.0161,0.0236
8717687500.0000,2.0254,0.0318,1.0220,0.0252
8720250000.0000,2.0243,0.0319,1.0196,0.0211
8722812500.0000,2.0287,0.0303,1.0159,0.0187
8725375000.0000,2.0291,0.0316,1.0171,0.0236
8727937500.0000,2.0279,0.0259,1.0196,0.0200
8730500000.0000,2.0278,0.0322,1.0207,0.0221
8733062500.0000,2.0285,0.0283,1.0174,0.0229
8735625000.0000,2.0242,0.0270,1.0190,0.0231
8738187500.0000,2.0245,0.0300,1.0192,0.0206
8740750000.0000,2.0265,0.0298,1.0169,0.0244
8743312500.0000,2.0248,0.0291,1.0152,0.0181
8745875000.0000,2.0297,0.0258,1.0184,0.0206
8748437500.0000,2.0293,0.0234,1.0195,0.0189
8751000000.0000,2.0265,0.0271,1.0191,0.0199
8753562500.0000,2.0276,0.0322,1.0172,0.0210
8756125000.0000,2.0314,0.0275,1.0182,0.0170
8758687500.0000,2.0291,0.0289,1.0178,0.0183
8761250000.0000,2.0273,0.0268,1.0201,0.0165
8763812500.0000,2.0282,0.0265,1.0200,0.0180
8766375000.0000,2.0265,0.0275,1.0198,0.0202
8768937500.0000,2.0274,0.0312,1.0166,0.0228
8771500000.0000,2.0271,0.0294,1.0184,0.0230
8774062500.0000,2.0271,0.0228,1.0240,0.0176
8776625000.0000,2.0280,0.0263,1.0210,0.0199
8779187500.0000,2.0269,0.0292,1.0196,0.0223
8781750000.0000,2.0334,0.0296,1.0122,0.0167
8784312500.0000,2.0271,0.0316,1.0199,0.0223
8786875000.0000,2.0301,0.0309,1.0162,0.0183
8789437500.0000,2.0268,0.0325,1.0206,0.0287
8792000000.0000,2.0291,0.0309,1.0195,0.0245
8794562500.0000,2.0318,0.0289,1.0193,0.0205
8797125000.0000,2.0263,0.0282,1.0229,0.0200
8799687500.0000,2.0314,0.0323,1.0186,0.0211
8802250000.0000,2.0284,0.0303,1.0171,0.0216
8804812500.0000,2.0267,0.0349,1.0200,0.0227
8807375000.0000,2.0283,0.0297,1.0210,0.0202
8809937500.0000,2.0289,0.0288,1.0203,0.0205
8812500000.0000,2.0305,0.0299,1.0184,0.0206
8815062500.0000,2.0303,0.0303,1.0193,0.0185
8817625000.0000,2.0248,0.0308,1.0191,0.0164
8820187500.0000,2.0308,0.0289,1.0202,0.0219
8822750000.0000,2.0257,0.0292,1.0181,0.0226
8825312500.0000,2.0290,0.0329,1.0180,0.0198
8827875000.0000,2.0246,0.0294,1.0160,0.0202
8830437500.0000,2.0276,0.0332,1.0194,0.0204
8833000000.0000,2.0266,0.0322,1.0194,0.0223
8835562500.0000,2.0282,0.0310,1.0202,0.0236
8838125000.0000,2.0301,0.0293,1.0223,0.0210
8840687500.0000,2.0280,0.0348,1.0183,0.0231
8843250000.0000,2.0294,0.0318,1.0204,0.0220
8845812500.0000,2.0253,0.0306,1.0214,0.0226
8848375000.0000,2.0300,0.0293,1.0201,0.0198
8850937500.0000,2.0263,0.0291,1.0192,0.0218
8853500000.0000,2.0266,0.0285,1.0220,0.0195
8856062500.0000,2.0280,0.0309,1.0181,0.0232
8858625000.0000,2.0268,0.0319,1.0203,0.0199
8861187500.0000,2.0282,0.0303,1.0214,0.0219
8863750000.0000,2.0253,0.0307,1.0191,0.0256
8866312500.0000,2.0282,0.0317,1.0195,0.0209
8868875000.0000,2.0273,0.0306,1.0201,0.0208
8871437500.0000,2.0294,0.0290,1.0170,0.0170
8874000000.0000,2.0288,0.0279,1.0196,0.0227
8876562500.0000,2.0248,0.0256,1.0222,0.0220
8879125000.0000,2.0355,0.0281,1.0173,0.0222
8881687500.0000,2.0304,0.0274,1.0211,0.0211
8884250000.0000,2.0309,0.0293,1.0191,0.0183
8886812500.0000,2.0311,0.0263,1.0216,0.0216
8889375000.0000,2.0305,0.0280,1.0237,0.0170
8891937500.0000,2.0327,0.0309,1.0242,0.0159
8894500000.0000,2.0297,0.0257,1.0196,0.0213
8897062500.0000,2.0326,0.0325,1.0191,0.0195
8899625000.0000,2.0275,0.0323,1.0176,0.0220
8902187500.0000,2.0320,0.0315,1.0192,0.0211
8904750000.0000,2.0286,0.0298,1.0193,0.0224
8907312500.0000,2.0285,0.0309,1.0199,0.0179
8909875000.0000,2.0305,0.0262,1.0225,0.0233
8912437500.0000,2.0324,0.0303,1.0210,0.0207
8915000000.0000,2.0328,0.0335,1.0185,0.0193
8917562500.0000,2.0346,0.0291,1.0243,0.0204
8920125000.0000,2.0332,0.0315,1.0196,0.0184
8922687500.0000,2.0306,0.0299,1.0189,0.0223
8925250000.0000,2.0323,0.0334,1.0184,0.0188
8927812500.0000,2.0307,0.0291,1.0216,0.0217
8930375000.0000,2.0296,0.0325,1.0187,0.0215
8932937500.0000,2.0300,0.0322,1.0182,0.0234
8935500000.0000,2.0285,0.0311,1.0209,0.0231
8938062500.0000,2.0300,0.0319,1.0203,0.0211
8940625000.0000,2.0299,0.0290,1.0207,0.0224
8943187500.0000,2.0297,0.0291,1.0221,0.0209
8945750000.0000,2.0321,0.0335,1.0221,0.0224
8948312500.0000,2.0342,0.0275,1.0205,0.0219
8950875000.0000,2.0307,0.0299,1.0198,0.0196
8953437500.0000,2.0297,0.0331,1.0226,0.0197
8956000000.0000,2.0267,0.0313,1.0180,0.0169
8958562500.0000,2.0259,0.0317,1.0198,0.0200
8961125000.0000,2.0263,0.0321,1.0200,0.0280
8963687500.0000,2.0319,0.0334,1.0210,0.0198
8966250000.0000,2.0234,0.0306,1.0210,0.0242
8968812500.0000,2.0273,0.0311,1.0231,0.0225
8971375000.0000,2.0282,0.0308,1.0204,0.0195
8973937500.0000,2.0297,0.0313,1.0193,0.0238
8976500000.0000,2.0324,0.0340,1.0222,0.0213
8979062500.0000,2.0301,0.0297,1.0182,0.0224
8981625000.0000,2.0312,0.0357,1.0210,0.0202
8984187500.0000,2.0326,0.0309,1.0208,0.0230
8986750000.0000,2.0304,0.0320,1.0209,0.0202
8989312500.0000,2.0285,0.0317,1.0162,0.0193
8991875000.0000,2.0321,0.0309,1.0227,0.0212
8994437500.0000,2.0298,0.0310,1.0182,0.0230
8997000000.0000,2.0323,0.0317,1.0212,0.0196
8999562500.0000,2.0296,0.0324,1.0174,0.0198
9002125000.0000,2.0335,0.0320,1.0192,0.0183
9004687500.0000,2.0309,0.0304,1.0169,0.0240
9007250000.0000,2.0294,0.0313,1.0190,0.0231
9009812500.0000,2.0293,0.0317,1.0181,0.0203
9012375000.0000,2.0297,0.0308,1.0176,0.0227
9014937500.0000,2.0308,0.0303,1.0205,0.0243
9017500000.0000,2.0313,0.0325,1.0191,0.0221
9020062500.0000,2.0310,0.0329,1.0171,0.0212
9022625000.0000,2.0330,0.0335,1.0166,0.0213
9025187500.0000,2.0300,0.0329,1.0195,0.0242
9027750000.0000,2.0301,0.0328,1.0220,0.0237
9030312500.0000,2.0317,0.0322,1.0213,0.0195
9032875000.0000,2.0318,0.0324,1.0183,0.0241
9035437500.0000,2.0320,0.0304,1.0190,0.0249
9038000000.0000,2.0299,0.0320,1.0185,0.0235
9040562500.0000,2.0327,0.0340,1.0224,0.0205
9043125000.0000,2.0308,0.0338,1.0210,0.0238
9045687500.0000,2.0307,0.0337,1.0194,0.0212
9048250000.0000,2.0358,0.0344,1.0259,0.0212
9050812500.0000,2.0320,0.0338,1.0168,0.0220
9053375000.0000,2.0347,0.0334,1.0218,0.0222
9055937500.0000,2.0329,0.0343,1.0210,0.0186
9058500000.0000,2.0326,0.0328,1.0156,0.0239
9061062500.0000,2.0326,0.0333,1.0182,0.0253
9063625000.0000,2.0302,0.0340,1.0195,0.0228
9066187500.0000,2.0351,0.0329,1.0240,0.0212
9068750000.0000,2.0345,0.0332,1.0174,0.0222
9071312500.0000,2.0317,0.0333,1.0168,0.0200
9073875000.0000,2.0334,0.0333,1.0195,0.0191
9076437500.0000,2.0337,0.0342,1.0144,0.0193
9079000000.0000,2.0329,0.0328,1.0160,0.0229
9081562500.0000,2.0313,0.0336,1.0173,0.0214
9084125000.0000,2.0331,0.0322,1.0196,0.0197
9086687500.0000,2.0318,0.0312,1.0201,0.0239
9089250000.0000,2.0331,0.0328,1.0203,0.0251
9091812500.0000,2.0337,0.0334,1.0193,0.0191
9094375000.0000,2.0369,0.0331,1.0183,0.0210
9096937500.0000,2.0346,0.0342,1.0182,0.0190
9099500000.0000,2.0338,0.0321,1.0165,0.0198
9102062500.0000,2.0323,0.0320,1.0202,0.0217
9104625000.0000,2.0328,0.0314,1.0202,0.0190
9107187500.0000,2.0316,0.0326,1.0188,0.0183
9109750000.0000,2.0328,0.0320,1.0159,0.0221
9112312500.0000,2.0342,0.0351,1.0149,0.0176
9114875000.0000,2.0310,0.0340,1.0177,0.0171
9117437500.0000,2.0324,0.0310,1.0178,0.0225
9120000000.0000,2.0285,0.0310,1.0135,0.0257
9122562500.0000,2.0318,0.0330,1.0178,0.0161
9125125000.0000,2.0339,0.0339,1.0151,0.0131
9127687500.0000,2.0341,0.0329,1.0175,0.0210
9130250000.0000,2.0327,0.0335,1.0128,0.0212
9132812500.0000,2.0319,0.0316,1.0176,0.0189
9135375000.0000,2.0325,0.0324,1.0202,0.0181
9137937500.0000,2.0322,0.0327,1.0201,0.0242
9140500000.0000,2.0327,0.0312,1.0194,0.0221
9143062500.0000,2.0333,0.0303,1.0124,0.0237
9145625000.0000,2.0329,0.0303,1.0193,0.0265
9148187500.0000,2.0306,0.0308,1.0136,0.0235
9150750000.0000,2.0312,0.0326,1.0233,0.0190
9153312500.0000,2.0320,0.0324,1.0198,0.0205
9155875000.0000,2.0311,0.0338,1.0202,0.0213
9158437500.0000,2.0315,0.0308,1.0169,0.0207
9161000000.0000,2.0300,0.0314,1.0159,0.0181
9163562500.0000,2.0304,0.0325,1.0171,0.0245
9166125000.0000,2.0339,0.0345,1.0203,0.0210
9168687500.0000,2.0332,0.0310,1.0194,0.0214
9171250000.0000,2.0342,0.0335,1.0206,0.0230
9173812500.0000,2.0336,0.0333,1.0199,0.0200
9176375000.0000,2.0381,0.0341,1.0179,0.0169
9178937500.0000,2.0375,0.0369,1.0140,0.0203
9181500000.0000,2.0313,0.0324,1.0182,0.0241
9184062500.0000,2.0338,0.0304,1.0181,0.0261
9186625000.0000,2.0346,0.0348,1.0186,0.0229
9189187500.0000,2.0371,0.0307,1.0195,0.0219
9191750000.0000,2.0335,0.0342,1.0165,0.0229
9194312500.0000,2.0386,0.0320,1.0213,0.0198
9196875000.0000,2.0331,0.0336,1.0177,0.0213
9199437500.0000,2.0374,0.0345,1.0146,0.0228
9202000000.0000,2.0327,0.0337,1.0158,0.0227
9204562500.0000,2.0344,0.0340,1.0184,0.0217
9207125000.0000,2.0352,0.0359,1.0171,0.0226
9209687500.0000,2.0348,0.0356,1.0173,0.0239
9212250000.0000,2.0356,0.0357,1.0231,0.0212
9214812500.0000,2.0326,0.0350,1.0235,0.0232
9217375000.0000,2.0345,0.0356,1.0171,0.0265
9219937500.0000,2.0349,0.0346,1.0155,0.0195
9222500000.0000,2.0356,0.0339,1.0158,0.0202
9225062500.0000,2.0350,0.0347,1.0149,0.0231
9227625000.0000,2.0336,0.0343,1.0171,0.0220
9230187500.0000,2.0339,0.0343,1.0202,0.0252
9232750000.0000,2.0337,0.0340,1.0198,0.0222
9235312500.0000,2.0338,0.0340,1.0209,0.0228
9237875000.0000,2.0344,0.0334,1.0186,0.0172
9240437500.0000,2.0345,0.0349,1.0188,0.0214
9243000000.0000,2.0323,0.0350,1.0179,0.0224
9245562500.0000,2.0324,0.0327,1.0166,0.0203
9248125000.0000,2.0356,0.0340,1.0139,0.0184
9250687500.0000,2.0362,0.0350,1.0142,0.0204
9253250000.0000,2.0303,0.0339,1.0196,0.0235
9255812500.0000,2.0345,0.0324,1.0195,0.0217
9258375000.0000,2.0339,0.0304,1.0176,0.0199
9260937500.0000,2.0364,0.0325,1.0165,0.0170
9263500000.0000,2.0322,0.0343,1.0173,0.0195
9266062500.0000,2.0311,0.0310,1.0167,0.0256
9268625000.0000,2.0366,0.0314,1.0198,0.0225
9271187500.0000,2.0304,0.0351,1.0166,0.0218
9273750000.0000,2.0380,0.0318,1.0171,0.0175
9276312500.0000,2.0338,0.0351,1.0163,0.0196
9278875000.0000,2.0377,0.0342,1.0133,0.0219
9281437500.0000,2.0331,0.0326,1.0187,0.0263
9284000000.0000,2.0335,0.0315,1.0117,0.0218
9286562500.0000,2.0377,0.0344,1.0167,0.0238
9289125000.0000,2.0359,0.0334,1.0203,0.0215
9291687500.0000,2.0408,0.0343,1.0142,0.0205
9294250000.0000,2.0354,0.0305,1.0211,0.0216
9296812500.0000,2.0368,0.0325,1.0171,0.0218
9299375000.0000,2.0372,0.0338,1.0142,0.0211
9301937500.0000,2.0360,0.0342,1.0105,0.0210
9304500000.0000,2.0350,0.0363,1.0172,0.0276
9307062500.0000,2.0349,0.0334,1.0192,0.0164
9309625000.0000,2.0342,0.0332,1.0191,0.0227
9312187500.0000,2.0363,0.0312,1.0172,0.0198
9314750000.0000,2.0330,0.0323,1.0146,0.0211
9317312500.0000,2.0373,0.0401,1.0137,0.0232
9319875000.0000,2.0367,0.0340,1.0173,0.0208
9322437500.0000,2.0351,0.0284,1.0158,0.0223
9325000000.0000,2.0362,0.0313,1.0132,0.0233
9327562500.0000,2.0334,0.0358,1.0154,0.0184
9330125000.0000,2.0371,0.0303,1.0150,0.0247
9332687500.0000,2.0331,0.0379,1.0133,0.0251
9335250000.0000,2.0345,0.0330,1.0118,0.0208
9337812500.0000,2.0378,0.0335,1.0135,0.0215
9340375000.0000,2.0342,0.0361,1.0160,0.0241
9342937500.0000,2.0342,0.0313,1.0189,0.0232
9345500000.0000,2.0339,0.0348,1.0154,0.0233
9348062500.0000,2.0355,0.0332,1.0150,0.0219
9350625000.0000,2.0351,0.0353,1.0139,0.0224
9353187500.0000,2.0389,0.0333,1.0160,0.0186
9355750000.0000,2.0249,0.0328,1.0190,0.0273
9358312500.0000,2.0355,0.0306,1.0175,0.0207
9360875000.0000,2.0349,0.0328,1.0146,0.0228
9363437500.0000,2.0341,0.0335,1.0180,0.0229
9366000000.0000,2.0385,0.0364,1.0150,0.0217
9368562500.0000,2.0355,0.0360,1.0127,0.0240
9371125000.0000,2.0378,0.0324,1.0136,0.0219
9373687500.0000,2.0355,0.0326,1.0138,0.0238
9376250000.0000,2.0371,0.0289,1.0190,0.0188
9378812500.0000,2.0354,0.0356,1.0123,0.0244
9381375000.0000,2.0369,0.0302,1.0147,0.0191
9383937500.0000,2.0365,0.0308,1.0148,0.0202
9386500000.0000,2.0351,0.0289,1.0149,0.0145
9389062500.0000,2.0352,0.0298,1.0175,0.0199
9391625000.0000,2.0351,0.0341,1.0148,0.0207
9394187500.0000,2.0396,0.0334,1.0152,0.0280
9396750000.0000,2.0390,0.0320,1.0134,0.0210
9399312500.0000,2.0354,0.0296,1.0138,0.0223
9401875000.0000,2.0385,0.0312,1.0105,0.0223
9404437500.0000,2.0363,0.0363,1.0147,0.0194
9407000000.0000,2.0377,0.0337,1.0174,0.0187
9409562500.0000,2.0383,0.0306,1.0146,0.0228
9412125000.0000,2.0369,0.0340,1.0123,0.0177
9414687500.0000,2.0354,0.0290,1.0137,0.0190
9417250000.0000,2.0406,0.0309,1.0131,0.0214
9419812500.0000,2.0367,0.0356,1.0137,0.0185
9422375000.0000,2.0422,0.0327,1.0156,0.0181
9424937500.0000,2.0336,0.0324,1.0151,0.0216
9427500000.0000,2.0329,0.0319,1.0145,0.0217
9430062500.0000,2.0401,0.0299,1.0149,0.0205
9432625000.0000,2.0370,0.0339,1.0134,0.0209
9435187500.0000,2.0393,0.0329,1.0163,0.0183
9437750000.0000,2.0391,0.0324,1.0163,0.0196
9440312500.0000,2.0390,0.0346,1.0147,0.0204
9442875000.0000,2.0378,0.0365,1.0110,0.0203
9445437500.0000,2.0369,0.0343,1.0132,0.0214
9448000000.0000,2.0368,0.0355,1.0143,0.0202
9450562500.0000,2.0363,0.0347,1.0140,0.0195
9453125000.0000,2.0363,0.0360,1.0144,0.0211
9455687500.0000,2.0395,0.0344,1.0122,0.0209
9458250000.0000,2.0422,0.0344,1.0092,0.0175
9460812500.0000,2.0374,0.0372,1.0120,0.0202
9463375000.0000,2.0387,0.0348,1.0148,0.0214
9465937500.0000,2.0396,0.0349,1.0122,0.0210
9468500000.0000,2.0323,0.0364,1.0181,0.0229
9471062500.0000,2.0335,0.0369,1.0169,0.0231
9473625000.0000,2.0333,0.0392,1.0155,0.0238
9476187500.0000,2.0302,0.0297,1.0147,0.0176
9478750000.0000,2.0329,0.0377,1.0147,0.0226
9481312500.0000,2.0317,0.0336,1.0144,0.0229
9483875000.0000,2.0314,0.0315,1.0136,0.0245
9486437500.0000,2.0330,0.0332,1.0186,0.0234
9489000000.0000,2.0397,0.0291,1.0126,0.0209
9491562500.0000,2.0369,0.0316,1.0166,0.0212
9494125000.0000,2.0344,0.0334,1.0156,0.0243
9496687500.0000,2.0318,0.0318,1.0186,0.0210
9499250000.0000,2.0381,0.0332,1.0140,0.0216
9501812500.0000,2.0357,0.0369,1.0138,0.0212
9504375000.0000,2.0352,0.0306,1.0145,0.0256
9506937500.0000,2.0392,0.0381,1.0128,0.0206
9509500000.0000,2.0362,0.0343,1.0127,0.0222
9512062500.0000,2.0329,0.0317,1.0151,0.0241
9514625000.0000,2.0323,0.0342,1.0147,0.0211
9517187500.0000,2.0365,0.0346,1.0157,0.0191
9519750000.0000,2.0354,0.0345,1.0143,0.0196
9522312500.0000,2.0364,0.0318,1.0170,0.0196
9524875000.0000,2.0365,0.0312,1.0166,0.0192
9527437500.0000,2.0355,0.0336,1.0138,0.0193
9530000000.0000,2.0360,0.0334,1.0137,0.0198
9532562500.0000,2.0378,0.0349,1.0119,0.0204
9535125000.0000,2.0386,0.0310,1.0161,0.0160
9537687500.0000,2.0371,0.0320,1.0142,0.0193
9540250000.0000,2.0363,0.0342,1.0126,0.0203
9542812500.0000,2.0373,0.0353,1.0135,0.0216
9545375000.0000,2.0419,0.0316,1.0110,0.0180
9547937500.0000,2.0376,0.0362,1.0139,0.0217
9550500000.0000,2.0388,0.0358,1.0112,0.0208
9553062500.0000,2.0389,0.0349,1.0118,0.0193
9555625000.0000,2.0366,0.0354,1.0190,0.0201
9558187500.0000,2.0365,0.0324,1.0155,0.0211
9560750000.0000,2.0375,0.0342,1.0129,0.0205
9563312500.0000,2.0337,0.0345,1.0148,0.0205
9565875000.0000,2.0358,0.0344,1.0127,0.0214
9568437500.0000,2.0342,0.0332,1.0105,0.0220
9571000000.0000,2.0367,0.0380,1.0138,0.0224
9573562500.0000,2.0382,0.0330,1.0160,0.0234
9576125000.0000,2.0330,0.0417,1.0113,0.0222
9578687500.0000,2.0383,0.0352,1.0121,0.0212
9581250000.0000,2.0346,0.0400,1.0108,0.0222
9583812500.0000,2.0354,0.0338,1.0143,0.0225
9586375000.0000,2.0379,0.0370,1.0137,0.0221
9588937500.0000,2.0332,0.0360,1.0130,0.0210
9591500000.0000,2.0391,0.0380,1.0126,0.0185
9594062500.0000,2.0372,0.0390,1.0116,0.0196
9596625000.0000,2.0363,0.0377,1.0115,0.0207
9599187500.0000,2.0353,0.0380,1.0100,0.0211
9601750000.0000,2.0355,0.0352,1.0131,0.0225
9604312500.0000,2.0362,0.0346,1.0136,0.0221
9606875000.0000,2.0344,0.0328,1.0143,0.0223
9609437500.0000,2.0367,0.0394,1.0107,0.0220
9612000000.0000,2.0337,0.0347,1.0107,0.0239
9614562500.0000,2.0358,0.0336,1.0140,0.0204
9617125000.0000,2.0345,0.0353,1.0121,0.0226
9619687500.0000,2.0363,0.0341,1.0140,0.0191
9622250000.0000,2.0346,0.0374,1.0124,0.0251
9624812500.0000,2.0352,0.0346,1.0099,0.0229
9627375000.0000,2.0360,0.0337,1.0119,0.0235
9629937500.0000,2.0359,0.0342,1.0099,0.0177
9632500000.0000,2.0338,0.0335,1.0160,0.0231
9635062500.0000,2.0371,0.0293,1.0162,0.0262
9637625000.0000,2.0372,0.0351,1.0145,0.0203
9640187500.0000,2.0372,0.0342,1.0124,0.0216
9642750000.0000,2.0312,0.0272,1.0119,0.0210
9645312500.0000,2.0340,0.0323,1.0141,0.0190
9647875000.0000,2.0412,0.0314,1.0156,0.0219
9650437500.0000,2.0343,0.0354,1.0165,0.0199
9653000000.0000,2.0309,0.0305,1.0137,0.0223
9655562500.0000,2.0373,0.0349,1.0134,0.0195
9658125000.0000,2.0355,0.0327,1.0134,0.0228
9660687500.0000,2.0345,0.0325,1.0122,0.0223
9663250000.0000,2.0365,0.0368,1.0122,0.0175
9665812500.0000,2.0351,0.0314,1.0153,0.0184
9668375000.0000,2.0358,0.0298,1.0140,0.0183
9670937500.0000,2.0358,0.0309,1.0149,0.0193
9673500000.0000,2.0347,0.0309,1.0133,0.0212
9676062500.0000,2.0344,0.0311,1.0129,0.0196
9678625000.0000,2.0344,0.0333,1.0120,0.0212
9681187500.0000,2.0380,0.0328,1.0144,0.0173
9683750000.0000,2.0380,0.0324,1.0142,0.0175
9686312500.0000,2.0373,0.0298,1.0174,0.0192
9688875000.0000,2.0356,0.0328,1.0136,0.0201
9691437500.0000,2.0366,0.0323,1.0136,0.0190
9694000000.0000,2.0356,0.0331,1.0139,0.0198
9696562500.0000,2.0375,0.0314,1.0134,0.0189
9699125000.0000,2.0356,0.0317,1.0144,0.0176
9701687500.0000,2.0363,0.0330,1.0131,0.0201
9704250000.0000,2.0359,0.0334,1.0145,0.0215
9706812500.0000,2.0375,0.0357,1.0164,0.0179
9709375000.0000,2.0363,0.0342,1.0131,0.0201
9711937500.0000,2.0377,0.0369,1.0141,0.0186
9714500000.0000,2.0393,0.0390,1.0122,0.0156
9717062500.0000,2.0359,0.0356,1.0150,0.0237
9719625000.0000,2.0361,0.0334,1.0127,0.0189
9722187500.0000,2.0374,0.0298,1.0124,0.0197
9724750000.0000,2.0402,0.0340,1.0151,0.0221
9727312500.0000,2.0323,0.0324,1.0090,0.0209
9729875000.0000,2.0324,0.0362,1.0110,0.0182
9732437500.0000,2.0385,0.0336,1.0161,0.0240
9735000000.0000,2.0360,0.0323,1.0094,0.0212
9737562500.0000,2.0369,0.0345,1.0125,0.0210
9740125000.0000,2.0368,0.0315,1.0143,0.0227
9742687500.0000,2.0341,0.0383,1.0103,0.0180
9745250000.0000,2.0364,0.0398,1.0109,0.0194
9747812500.0000,2.0345,0.0368,1.0114,0.0212
9750375000.0000,2.0357,0.0365,1.0125,0.0234
9752937500.0000,2.0346,0.0372,1.0133,0.0201
9755500000.0000,2.0339,0.0331,1.0129,0.0234
9758062500.0000,2.0341,0.0334,1.0104,0.0219
9760625000.0000,2.0326,0.0322,1.0096,0.0228
9763187500.0000,2.0369,0.0337,1.0140,0.0209
9765750000.0000,2.0346,0.0347,1.0128,0.0218
9768312500.0000,2.0347,0.0327,1.0140,0.0202
9770875000.0000,2.0320,0.0357,1.0132,0.0189
9773437500.0000,2.0345,0.0327,1.0135,0.0208
9776000000.0000,2.0361,0.0317,1.0133,0.0216
9778562500.0000,2.0351,0.0326,1.0131,0.0209
9781125000.0000,2.0348,0.0351,1.0131,0.0216
9783687500.0000,2.0346,0.0348,1.0137,0.0212
9786250000.0000,2.0360,0.0344,1.0133,0.0193
9788812500.0000,2.0334,0.0327,1.0104,0.0196
9791375000.0000,2.0342,0.0289,1.0152,0.0187
9793937500.0000,2.0391,0.0254,1.0161,0.0170
9796500000.0000,2.0414,0.0363,1.0116,0.0160
9799062500.0000,2.0356,0.0344,1.0109,0.0208
9801625000.0000,2.0360,0.0333,1.0144,0.0207
9804187500.0000,2.0349,0.0321,1.0116,0.0223
9806750000.0000,2.0361,0.0321,1.0117,0.0178
9809312500.0000,2.0327,0.0293,1.0146,0.0225
9811875000.0000,2.0349,0.0329,1.0086,0.0190
9814437500.0000,2.0380,0.0328,1.0136,0.0154
9817000000.0000,2.0364,0.0320,1.0101,0.0165
9819562500.0000,2.0399,0.0339,1.0155,0.0205
9822125000.0000,2.0381,0.0341,1.0166,0.0194
9824687500.0000,2.0376,0.0334,1.0136,0.0198
9827250000.0000,2.0393,0.0331,1.0109,0.0173
9829812500.0000,2.0374,0.0335,1.0133,0.0171
9832375000.0000,2.0370,0.0362,1.0111,0.0201
9834937500.0000,2.0371,0.0336,1.0111,0.0207
9837500000.0000,2.0373,0.0330,1.0102,0.0209
9840062500.0000,2.0362,0.0364,1.0110,0.0182
9842625000.0000,2.0380,0.0354,1.0123,0.0172
9845187500.0000,2.0359,0.0355,1.0108,0.0182
9847750000.0000,2.0356,0.0338,1.0118,0.0221
9850312500.0000,2.0357,0.0358,1.0129,0.0174
9852875000.0000,2.0343,0.0357,1.0144,0.0232
9855437500.0000,2.0370,0.0351,1.0119,0.0196
9858000000.0000,2.0360,0.0371,1.0114,0.0208
9860562500.0000,2.0348,0.0389,1.0109,0.0187
9863125000.0000,2.0354,0.0385,1.0113,0.0193
9865687500.0000,2.0348,0.0367,1.0129,0.0213
9868250000.0000,2.0381,0.0373,1.0135,0.0182
9870812500.0000,2.0368,0.0357,1.0143,0.0199
9873375000.0000,2.0338,0.0312,1.0180,0.0256
9875937500.0000,2.0353,0.0360,1.0163,0.0190
9878500000.0000,2.0372,0.0372,1.0160,0.0199
9881062500.0000,2.0363,0.0358,1.0166,0.0232
9883625000.0000,2.0315,0.0358,1.0142,0.0242
9886187500.0000,2.0332,0.0333,1.0153,0.0237
9888750000.0000,2.0371,0.0359,1.0202,0.0190
9891312500.0000,2.0354,0.0373,1.0142,0.0195
9893875000.0000,2.0370,0.0379,1.0155,0.0200
9896437500.0000,2.0373,0.0363,1.0169,0.0187
9899000000.0000,2.0335,0.0347,1.0125,0.0211
9901562500.0000,2.0319,0.0372,1.0120,0.0197
9904125000.0000,2.0354,0.0354,1.0166,0.0203
9906687500.0000,2.0345,0.0324,1.0093,0.0219
9909250000.0000,2.0344,0.0361,1.0157,0.0197
9911812500.0000,2.0351,0.0360,1.0137,0.0219
9914375000.0000,2.0370,0.0345,1.0123,0.0226
9916937500.0000,2.0323,0.0323,1.0122,0.0192
9919500000.0000,2.0332,0.0315,1.0137,0.0232
9922062500.0000,2.0349,0.0389,1.0129,0.0188
9924625000.0000,2.0330,0.0363,1.0140,0.0205
9927187500.0000,2.0350,0.0345,1.0123,0.0192
9929750000.0000,2.0392,0.0405,1.0114,0.0206
9932312500.0000,2.0359,0.0306,1.0121,0.0183
9934875000.0000,2.0355,0.0411,1.0142,0.0189
9937437500.0000,2.0399,0.0387,1.0113,0.0188
9940000000.0000,2.0376,0.0341,1.0131,0.0194
9942562500.0000,2.0336,0.0341,1.0151,0.0195
9945125000.0000,2.0363,0.0383,1.0099,0.0216
9947687500.0000,2.0367,0.0302,1.0139,0.0196
9950250000.0000,2.0401,0.0328,1.0144,0.0185
9952812500.0000,2.0382,0.0323,1.0165,0.0187
9955375000.0000,2.0308,0.0357,1.0123,0.0247
9957937500.0000,2.0358,0.0358,1.0127,0.0193
9960500000.0000,2.0351,0.0381,1.0099,0.0217
9963062500.0000,2.0364,0.0366,1.0102,0.0201
9965625000.0000,2.0354,0.0381,1.0088,0.0224
9968187500.0000,2.0356,0.0370,1.0114,0.0193
9970750000.0000,2.0313,0.0364,1.0153,0.0253
9973312500.0000,2.0349,0.0376,1.0144,0.0235
9975875000.0000,2.0365,0.0381,1.0130,0.0247
9978437500.0000,2.0378,0.0363,1.0090,0.0226
9981000000.0000,2.0361,0.0348,1.0102,0.0220
9983562500.0000,2.0380,0.0357,1.0155,0.0233
9986125000.0000,2.0375,0.0369,1.0107,0.0160
9988687500.0000,2.0337,0.0377,1.0177,0.0228
9991250000.0000,2.0326,0.0368,1.0151,0.0219
9993812500.0000,2.0340,0.0362,1.0163,0.0235
9996375000.0000,2.0364,0.0365,1.0105,0.0222
9998937500.0000,2.0347,0.0371,1.0142,0.0236
10001500000.0000,2.0353,0.0363,1.0149,0.0242
10004062500.0000,2.0361,0.0378,1.0148,0.0243
10006625000.0000,2.0355,0.0371,1.0145,0.0226
10009187500.0000,2.0347,0.0371,1.0134,0.0237
10011750000.0000,2.0331,0.0370,1.0118,0.0218
10014312500.0000,2.0337,0.0379,1.0152,0.0210
10016875000.0000,2.0362,0.0430,1.0106,0.0193
10019437500.0000,2.0316,0.0389,1.0135,0.0207
10022000000.0000,2.0300,0.0364,1.0152,0.0239
10024562500.0000,2.0328,0.0394,1.0137,0.0204
10027125000.0000,2.0367,0.0398,1.0147,0.0167
10029687500.0000,2.0366,0.0392,1.0151,0.0185
10032250000.0000,2.0353,0.0366,1.0180,0.0202
10034812500.0000,2.0334,0.0315,1.0179,0.0230
10037375000.0000,2.0384,0.0380,1.0176,0.0189
10039937500.0000,2.0357,0.0369,1.0171,0.0199
10042500000.0000,2.0363,0.0338,1.0175,0.0192
10045062500.0000,2.0332,0.0377,1.0105,0.0255
10047625000.0000,2.0333,0.0357,1.0187,0.0181
10050187500.0000,2.0341,0.0367,1.0168,0.0174
10052750000.0000,2.0343,0.0361,1.0135,0.0175
10055312500.0000,2.0348,0.0371,1.0163,0.0207
10057875000.0000,2.0329,0.0364,1.0200,0.0146
10060437500.0000,2.0355,0.0368,1.0146,0.0195
10063000000.0000,2.0357,0.0392,1.0143,0.0212
10065562500.0000,2.0351,0.0391,1.0120,0.0204
10068125000.0000,2.0340,0.0379,1.0166,0.0170
10070687500.0000,2.0350,0.0389,1.0162,0.0227
10073250000.0000,2.0363,0.0383,1.0112,0.0227
10075812500.0000,2.0375,0.0388,1.0108,0.0218
10078375000.0000,2.0350,0.0376,1.0152,0.0203
10080937500.0000,2.0358,0.0393,1.0156,0.0255
10083500000.0000,2.0383,0.0394,1.0110,0.0235
10086062500.0000,2.0299,0.0422,1.0137,0.0221
10088625000.0000,2.0388,0.0375,1.0104,0.0225
10091187500.0000,2.0330,0.0321,1.0134,0.0222
10093750000.0000,2.0364,0.0425,1.0132,0.0221
10096312500.0000,2.0382,0.0447,1.0141,0.0204
10098875000.0000,2.0352,0.0367,1.0128,0.0205
10101437500.0000,2.0317,0.0378,1.0137,0.0224
10104000000.0000,2.0343,0.0434,1.0137,0.0242
10106562500.0000,2.0334,0.0420,1.0133,0.0243
10109125000.0000,2.0339,0.0421,1.0128,0.0231
10111687500.0000,2.0307,0.0386,1.0151,0.0231
10114250000.0000,2.0368,0.0378,1.0171,0.0207
10116812500.0000,2.0361,0.0369,1.0133,0.0228
10119375000.0000,2.0357,0.0412,1.0139,0.0233
10121937500.0000,2.0335,0.0353,1.0164,0.0221
10124500000.0000,2.0345,0.0407,1.0114,0.0231
10127062500.0000,2.0339,0.0374,1.0158,0.0254
10129625000.0000,2.0357,0.0421,1.0118,0.0232
10132187500.0000,2.0365,0.0364,1.0145,0.0256
10134750000.0000,2.0354,0.0349,1.0178,0.0221
10137312500.0000,2.0351,0.0342,1.0180,0.0194
10139875000.0000,2.0373,0.0350,1.0122,0.0189
10142437500.0000,2.0382,0.0390,1.0117,0.0231
10145000000.0000,2.0357,0.0364,1.0143,0.0236
10147562500.0000,2.0370,0.0376,1.0151,0.0215
10150125000.0000,2.0399,0.0372,1.0104,0.0236
10152687500.0000,2.0366,0.0381,1.0128,0.0232
10155250000.0000,2.0383,0.0387,1.0109,0.0223
10157812500.0000,2.0353,0.0361,1.0158,0.0210
10160375000.0000,2.0365,0.0432,1.0139,0.0212
10162937500.0000,2.0415,0.0347,1.0143,0.0226
10165500000.0000,2.0363,0.0385,1.0159,0.0167
10168062500.0000,2.0362,0.0367,1.0137,0.0210
10170625000.0000,2.0380,0.0383,1.0131,0.0204
10173187500.0000,2.0379,0.0372,1.0121,0.0219
10175750000.0000,2.0405,0.0351,1.0150,0.0215
10178312500.0000,2.0372,0.0368,1.0139,0.0237
10180875000.0000,2.0336,0.0346,1.0131,0.0238
10183437500.0000,2.0349,0.0358,1.0140,0.0221
10186000000.0000,2.0379,0.0359,1.0150,0.0215
10188562500.0000,2.0438,0.0391,1.0153,0.0179
10191125000.0000,2.0387,0.0389,1.0149,0.0194
10193687500.0000,2.0383,0.0359,1.0154,0.0200
10196250000.0000,2.0391,0.0360,1.0162,0.0220
10198812500.0000,2.0344,0.0394,1.0121,0.0238
10201375000.0000,2.0376,0.0438,1.0087,0.0218
10203937500.0000,2.0387,0.0426,1.0122,0.0189
10206500000.0000,2.0381,0.0408,1.0133,0.0204
10209062500.0000,2.0378,0.0394,1.0138,0.0213
10211625000.0000,2.0378,0.0386,1.0132,0.0240
10214187500.0000,2.0374,0.0378,1.0158,0.0228
10216750000.0000,2.0403,0.0390,1.0100,0.0205
10219312500.0000,2.0384,0.0392,1.0160,0.0208
10221875000.0000,2.0390,0.0417,1.0141,0.0236
10224437500.0000,2.0410,0.0399,1.0114,0.0245
10227000000.0000,2.0411,0.0397,1.0110,0.0204
10229562500.0000,2.0375,0.0416,1.0131,0.0211
10232125000.0000,2.0362,0.0444,1.0173,0.0197
10234687500.0000,2.0402,0.0426,1.0130,0.0195
10237250000.0000,2.0420,0.0431,1.0122,0.0231
10239812500.0000,2.0431,0.0427,1.0147,0.0269
10242375000.0000,2.0373,0.0409,1.0135,0.0249
10244937500.0000,2.0405,0.0461,1.0120,0.0243
10247500000.0000,2.0425,0.0391,1.0138,0.0219
10250062500.0000,2.0408,0.0479,1.0134,0.0213
10252625000.0000,2.0388,0.0387,1.0101,0.0235
10255187500.0000,2.0377,0.0395,1.0128,0.0231
10257750000.0000,2.0453,0.0428,1.0135,0.0220
10260312500.0000,2.0406,0.0356,1.0162,0.0220
10262875000.0000,2.0399,0.0375,1.0130,0.0268
10265437500.0000,2.0433,0.0469,1.0118,0.0244
10268000000.0000,2.0376,0.0436,1.0132,0.0225
10270562500.0000,2.0429,0.0458,1.0105,0.0203
10273125000.0000,2.0393,0.0394,1.0135,0.0226
10275687500.0000,2.0427,0.0407,1.0148,0.0220
10278250000.0000,2.0412,0.0393,1.0132,0.0233
10280812500.0000,2.0327,0.0398,1.0130,0.0255
10283375000.0000,2.0387,0.0475,1.0098,0.0217
10285937500.0000,2.0399,0.0419,1.0129,0.0233
10288500000.0000,2.0390,0.0420,1.0123,0.0252
10291062500.0000,2.0389,0.0394,1.0137,0.0250
10293625000.0000,2.0387,0.0426,1.0109,0.0246
10296187500.0000,2.0387,0.0392,1.0143,0.0221
10298750000.0000,2.0388,0.0425,1.0118,0.0232
10301312500.0000,2.0373,0.0382,1.0156,0.0264
10303875000.0000,2.0389,0.0358,1.0153,0.0228
10306437500.0000,2.0410,0.0385,1.0133,0.0195
10309000000.0000,2.0372,0.0381,1.0154,0.0223
10311562500.0000,2.0361,0.0370,1.0157,0.0241
10314125000.0000,2.0431,0.0404,1.0133,0.0255
10316687500.0000,2.0425,0.0376,1.0149,0.0213
10319250000.0000,2.0411,0.0385,1.0150,0.0210
10321812500.0000,2.0392,0.0372,1.0149,0.0215
10324375000.0000,2.0390,0.0386,1.0111,0.0220
10326937500.0000,2.0367,0.0360,1.0098,0.0246
10329500000.0000,2.0359,0.0370,1.0125,0.0217
10332062500.0000,2.0367,0.0395,1.0133,0.0234
10334625000.0000,2.0400,0.0376,1.0141,0.0254
10337187500.0000,2.0421,0.0408,1.0140,0.0224
10339750000.0000,2.0419,0.0382,1.0118,0.0218
10342312500.0000,2.0417,0.0409,1.0114,0.0206
10344875000.0000,2.0436,0.0418,1.0139,0.0193
10347437500.0000,2.0368,0.0405,1.0094,0.0211
10350000000.0000,2.0407,0.0400,1.0146,0.0194
10352562500.0000,2.0446,0.0402,1.0152,0.0201
10355125000.0000,2.0387,0.0410,1.0128,0.0221
10357687500.0000,2.0411,0.0390,1.0118,0.0218
10360250000.0000,2.0429,0.0383,1.0150,0.0223
10362812500.0000,2.0405,0.0436,1.0117,0.0239
10365375000.0000,2.0411,0.0433,1.0120,0.0223
10367937500.0000,2.0425,0.0390,1.0141,0.0223
10370500000.0000,2.0396,0.0439,1.0117,0.0239
10373062500.0000,2.0411,0.0439,1.0114,0.0228
10375625000.0000,2.0414,0.0446,1.0128,0.0243
10378187500.0000,2.0410,0.0457,1.0122,0.0272
10380750000.0000,2.0425,0.0432,1.0125,0.0243
10383312500.0000,2.0399,0.0429,1.0140,0.0226
10385875000.0000,2.0379,0.0432,1.0153,0.0245
10388437500.0000,2.0391,0.0470,1.0129,0.0258
10391000000.0000,2.0376,0.0417,1.0121,0.0237
10393562500.0000,2.0337,0.0443,1.0147,0.0231
10396125000.0000,2.0384,0.0422,1.0111,0.0217
10398687500.0000,2.0382,0.0467,1.0127,0.0237
10401250000.0000,2.0407,0.0395,1.0144,0.0252
10403812500.0000,2.0426,0.0475,1.0130,0.0241
10406375000.0000,2.0405,0.0460,1.0095,0.0249
10408937500.0000,2.0405,0.0483,1.0116,0.0225
10411500000.0000,2.0419,0.0432,1.0120,0.0246
10414062500.0000,2.0379,0.0473,1.0124,0.0239
10416625000.0000,2.0381,0.0421,1.0099,0.0241
10419187500.0000,2.0415,0.0479,1.0126,0.0213
10421750000.0000,2.0368,0.0464,1.0115,0.0232
10424312500.0000,2.0403,0.0441,1.0142,0.0238
10426875000.0000,2.0425,0.0412,1.0150,0.0239
10429437500.0000,2.0420,0.0381,1.0131,0.0252
10432000000.0000,2.0391,0.0451,1.0102,0.0236
10434562500.0000,2.0427,0.0400,1.0143,0.0235
10437125000.0000,2.0384,0.0390,1.0139,0.0262
10439687500.0000,2.0421,0.0406,1.0132,0.0239
10442250000.0000,2.0433,0.0431,1.0124,0.0243
10444812500.0000,2.0423,0.0412,1.0119,0.0245
10447375000.0000,2.0458,0.0412,1.0135,0.0226
10449937500.0000,2.0416,0.0417,1.0115,0.0242
10452500000.0000,2.0440,0.0410,1.0131,0.0232
10455062500.0000,2.0415,0.0422,1.0112,0.0256
10457625000.0000,2.0421,0.0413,1.0125,0.0239
10460187500.0000,2.0420,0.0405,1.0120,0.0218
10462750000.0000,2.0409,0.0386,1.0112,0.0253
10465312500.0000,2.0407,0.0425,1.0096,0.0231
10467875000.0000,2.0451,0.0415,1.0110,0.0243
10470437500.0000,2.0446,0.0406,1.0094,0.0235
10473000000.0000,2.0407,0.0426,1.0121,0.0231
10475562500.0000,2.0420,0.0392,1.0158,0.0221
10478125000.0000,2.0461,0.0422,1.0152,0.0239
10480687500.0000,2.0428,0.0409,1.0122,0.0228
10483250000.0000,2.0394,0.0442,1.0125,0.0257
10485812500.0000,2.0465,0.0440,1.0141,0.0234
10488375000.0000,2.0435,0.0458,1.0105,0.0208
10490937500.0000,2.0398,0.0453,1.0149,0.0215
10493500000.0000,2.0393,0.0433,1.0106,0.0241
10496062500.0000,2.0380,0.0441,1.0117,0.0229
10498625000.0000,2.0556,0.0544,0.9933,0.0213
10501187500.0000,2.0652,-0.0070,0.9897,-0.0076
10503750000.0000,2.0412,0.0391,1.0119,0.0313
10506312500.0000,2.0433,0.0458,1.0132,0.0251
10508875000.0000,2.0443,0.0446,1.0132,0.0253
10511437500.0000,2.0416,0.0455,1.0126,0.0256
10514000000.0000,2.0391,0.0452,1.0152,0.0261
10516562500.0000,2.0415,0.0465,1.0138,0.0259
10519125000.0000,2.0411,0.0463,1.0135,0.0251
10521687500.0000,2.0375,0.0457,1.0130,0.0256
10524250000.0000,2.0402,0.0474,1.0137,0.0240
10526812500.0000,2.0418,0.0477,1.0140,0.0255
10529375000.0000,2.0421,0.0447,1.0139,0.0279
10531937500.0000,2.0423,0.0464,1.0121,0.0251
10534500000.0000,2.0414,0.0448,1.0151,0.0243
10537062500.0000,2.0395,0.0481,1.0131,0.0245
10539625000.0000,2.0417,0.0469,1.0134,0.0260
10542187500.0000,2.0430,0.0437,1.0151,0.0238
10544750000.0000,2.0450,0.0468,1.0139,0.0232
10547312500.0000,2.0410,0.0487,1.0130,0.0234
10549875000.0000,2.0421,0.0447,1.0149,0.0265
10552437500.0000,2.0445,0.0460,1.0140,0.0288
10555000000.0000,2.0418,0.0461,1.0131,0.0268
10557562500.0000,2.0432,0.0458,1.0136,0.0267
10560125000.0000,2.0406,0.0460,1.0127,0.0258
10562687500.0000,2.0474,0.0467,1.0163,0.0258
10565250000.0000,2.0449,0.0528,1.0143,0.0255
10567812500.0000,2.0415,0.0496,1.0133,0.0252
10570375000.0000,2.0412,0.0402,1.0133,0.0311
10572937500.0000,2.0419,0.0439,1.0139,0.0286
10575500000.0000,2.0461,0.0490,1.0150,0.0263
10578062500.0000,2.0424,0.0467,1.0123,0.0250
10580625000.0000,2.0387,0.0515,1.0099,0.0210
10583187500.0000,2.0490,0.0445,1.0130,0.0254
10585750000.0000,2.0419,0.0429,1.0131,0.0298
10588312500.0000,2.0417,0.0462,1.0153,0.0264
10590875000.0000,2.0420,0.0445,1.0135,0.0286
10593437500.0000,2.0438,0.0459,1.0142,0.0278
10596000000.0000,2.0415,0.0440,1.0116,0.0256
10598562500.0000,2.0454,0.0471,1.0138,0.0269
10601125000.0000,2.0440,0.0469,1.0135,0.0267
10603687500.0000,2.0416,0.0460,1.0121,0.0272
10606250000.0000,2.0421,0.0447,1.0106,0.0282
10608812500.0000,2.0445,0.0479,1.0153,0.0250
10611375000.0000,2.0408,0.0460,1.0135,0.0250
10613937500.0000,2.0437,0.0461,1.0116,0.0238
10616500000.0000,2.0433,0.0431,1.0135,0.0258
10619062500.0000,2.0409,0.0450,1.0148,0.0254
10621625000.0000,2.0409,0.0429,1.0118,0.0253
10624187500.0000,2.0427,0.0412,1.0107,0.0271
10626750000.0000,2.0407,0.0440,1.0127,0.0244
10629312500.0000,2.0388,0.0457,1.0137,0.0245
10631875000.0000,2.0390,0.0437,1.0133,0.0272
10634437500.0000,2.0422,0.0427,1.0144,0.0267
10637000000.0000,2.0438,0.0455,1.0133,0.0242
10639562500.0000,2.0397,0.0442,1.0113,0.0254
10642125000.0000,2.0416,0.0436,1.0118,0.0262
10644687500.0000,2.0424,0.0395,1.0130,0.0265
10647250000.0000,2.0477,0.0427,1.0172,0.0258
10649812500.0000,2.0442,0.0470,1.0112,0.0232
10652375000.0000,2.0459,0.0460,1.0149,0.0236
10654937500.0000,2.0457,0.0419,1.0135,0.0272
10657500000.0000,2.0430,0.0446,1.0141,0.0275
10660062500.0000,2.0423,0.0493,1.0124,0.0209
10662625000.0000,2.0437,0.0486,1.0145,0.0230
10665187500.0000,2.0433,0.0427,1.0116,0.0263
10667750000.0000,2.0412,0.0452,1.0074,0.0231
10670312500.0000,2.0449,0.0423,1.0146,0.0293
10672875000.0000,2.0405,0.0453,1.0112,0.0234
10675437500.0000,2.0402,0.0458,1.0139,0.0223
10678000000.0000,2.0376,0.0475,1.0145,0.0225
10680562500.0000,2.0432,0.0419,1.0132,0.0275
10683125000.0000,2.0456,0.0442,1.0132,0.0300
10685687500.0000,2.0420,0.0451,1.0114,0.0249
10688250000.0000,2.0436,0.0432,1.0125,0.0271
10690812500.0000,2.0401,0.0449,1.0129,0.0251
10693375000.0000,2.0422,0.0458,1.0121,0.0249
10695937500.0000,2.0379,0.0443,1.0139,0.0250
10698500000.0000,2.0428,0.0472,1.0116,0.0236
10701062500.0000,2.0420,0.0445,1.0144,0.0269
10703625000.0000,2.0416,0.0468,1.0142,0.0266
10706187500.0000,2.0393,0.0450,1.0149,0.0261
10708750000.0000,2.0430,0.0480,1.0120,0.0253
10711312500.0000,2.0425,0.0489,1.0116,0.0268
10713875000.0000,2.0410,0.0504,1.0103,0.0243
10716437500.0000,2.0434,0.0510,1.0122,0.0226
10719000000.0000,2.0385,0.0483,1.0126,0.0278
10721562500.0000,2.0403,0.0497,1.0103,0.0260
10724125000.0000,2.0410,0.0495,1.0102,0.0254
10726687500.0000,2.0429,0.0471,1.0134,0.0229
10729250000.0000,2.0414,0.0476,1.0119,0.0256
10731812500.0000,2.0433,0.0504,1.0116,0.0214
10734375000.0000,2.0409,0.0459,1.0166,0.0250
10736937500.0000,2.0404,0.0453,1.0143,0.0281
10739500000.0000,2.0434,0.0476,1.0120,0.0228
10742062500.0000,2.0409,0.0444,1.0110,0.0275
10744625000.0000,2.0399,0.0463,1.0104,0.0276
10747187500.0000,2.0450,0.0467,1.0158,0.0249
10749750000.0000,2.0455,0.0457,1.0129,0.0269
10752312500.0000,2.0424,0.0467,1.0101,0.0284
10754875000.0000,2.0420,0.0459,1.0140,0.0299
10757437500.0000,2.0445,0.0476,1.0105,0.0239
10760000000.0000,2.0435,0.0473,1.0109,0.0239
10762562500.0000,2.0441,0.0500,1.0114,0.0229
10765125000.0000,2.0473,0.0462,1.0114,0.0272
10767687500.0000,2.0436,0.0441,1.0121,0.0246
10770250000.0000,2.0422,0.0468,1.0126,0.0273
10772812500.0000,2.0435,0.0463,1.0097,0.0277
10775375000.0000,2.0418,0.0472,1.0098,0.0232
10777937500.0000,2.0392,0.0507,1.0112,0.0240
10780500000.0000,2.0457,0.0426,1.0125,0.0245
10783062500.0000,2.0475,0.0430,1.0115,0.0223
10785625000.0000,2.0470,0.0464,1.0115,0.0239
10788187500.0000,2.0477,0.0478,1.0082,0.0214
10790750000.0000,2.0458,0.0451,1.0135,0.0238
10793312500.0000,2.0430,0.0519,1.0080,0.0250
10795875000.0000,2.0448,0.0447,1.0109,0.0231
10798437500.0000,2.0438,0.0467,1.0104,0.0224
10801000000.0000,2.0405,0.0485,1.0098,0.0244
10803562500.0000,2.0464,0.0489,1.0107,0.0209
10806125000.0000,2.0452,0.0478,1.0082,0.0228
10808687500.0000,2.0443,0.0437,1.0119,0.0272
10811250000.0000,2.0480,0.0399,1.0156,0.0248
10813812500.0000,2.0453,0.0455,1.0116,0.0212
10816375000.0000,2.0443,0.0420,1.0150,0.0226
10818937500.0000,2.0412,0.0474,1.0080,0.0283
10821500000.0000,2.0422,0.0454,1.0084,0.0293
10824062500.0000,2.0413,0.0452,1.0135,0.0291
10826625000.0000,2.0434,0.0458,1.0105,0.0286
10829187500.0000,2.0432,0.0446,1.0165,0.0260
10831750000.0000,2.0442,0.0469,1.0114,0.0276
10834312500.0000,2.0438,0.0467,1.0123,0.0270
10836875000.0000,2.0418,0.0432,1.0102,0.0213
10839437500.0000,2.0418,0.0449,1.0091,0.0229
10842000000.0000,2.0434,0.0469,1.0108,0.0259
10844562500.0000,2.0412,0.0443,1.0096,0.0245
10847125000.0000,2.0416,0.0479,1.0135,0.0290
10849687500.0000,2.0390,0.0425,1.0127,0.0252
10852250000.0000,2.0399,0.0440,1.0114,0.0222
10854812500.0000,2.0434,0.0449,1.0101,0.0260
10857375000.0000,2.0459,0.0460,1.0088,0.0270
10859937500.0000,2.0436,0.0472,1.0109,0.0231
10862500000.0000,2.0406,0.0437,1.0104,0.0243
10865062500.0000,2.0363,0.0431,1.0121,0.0275
10867625000.0000,2.0418,0.0466,1.0109,0.0278
10870187500.0000,2.0457,0.0480,1.0100,0.0261
10872750000.0000,2.0444,0.0431,1.0115,0.0263
10875312500.0000,2.0454,0.0469,1.0128,0.0264
10877875000.0000,2.0437,0.0478,1.0103,0.0259
10880437500.0000,2.0430,0.0488,1.0106,0.0263
10883000000.0000,2.0415,0.0437,1.0147,0.0267
10885562500.0000,2.0446,0.0472,1.0114,0.0267
10888125000.0000,2.0454,0.0444,1.0104,0.0260
10890687500.0000,2.0386,0.0455,1.0111,0.0308
10893250000.0000,2.0405,0.0489,1.0070,0.0273
10895812500.0000,2.0447,0.0482,1.0095,0.0244
10898375000.0000,2.0454,0.0440,1.0143,0.0254
10900937500.0000,2.0411,0.0470,1.0117,0.0294
10903500000.0000,2.0418,0.0495,1.0095,0.0270
10906062500.0000,2.0449,0.0490,1.0106,0.0305
10908625000.0000,2.0437,0.0502,1.0083,0.0254
10911187500.0000,2.0413,0.0462,1.0142,0.0244
10913750000.0000,2.0431,0.0473,1.0094,0.0251
10916312500.0000,2.0430,0.0449,1.0126,0.0267
10918875000.0000,2.0441,0.0490,1.0130,0.0278
10921437500.0000,2.0410,0.0476,1.0113,0.0243
10924000000.0000,2.0396,0.0449,1.0136,0.0238
10926562500.0000,2.0446,0.0479,1.0110,0.0276
10929125000.0000,2.0442,0.0470,1.0112,0.0255
10931687500.0000,2.0461,0.0464,1.0107,0.0251
10934250000.0000,2.0421,0.0501,1.0118,0.0237
10936812500.0000,2.0441,0.0485,1.0088,0.0227
10939375000.0000,2.0400,0.0496,1.0101,0.0271
10941937500.0000,2.0459,0.0470,1.0112,0.0242
10944500000.0000,2.0462,0.0500,1.0102,0.0256
10947062500.0000,2.0377,0.0455,1.0114,0.0280
10949625000.0000,2.0486,0.0435,1.0110,0.0245
10952187500.0000,2.0432,0.0439,1.0101,0.0274
10954750000.0000,2.0403,0.0504,1.0098,0.0249
10957312500.0000,2.0493,0.0467,1.0112,0.0214
10959875000.0000,2.0478,0.0439,1.0123,0.0244
10962437500.0000,2.0427,0.0483,1.0100,0.0251
10965000000.0000,2.0412,0.0439,1.0107,0.0270
10967562500.0000,2.0450,0.0500,1.0085,0.0256
10970125000.0000,2.0456,0.0463,1.0120,0.0255
10972687500.0000,2.0437,0.0466,1.0115,0.0281
10975250000.0000,2.0446,0.0463,1.0129,0.0258
10977812500.0000,2.0434,0.0460,1.0126,0.0238
10980375000.0000,2.0452,0.0457,1.0110,0.0227
10982937500.0000,2.0419,0.0465,1.0116,0.0267
10985500000.0000,2.0434,0.0477,1.0093,0.0227
10988062500.0000,2.0436,0.0490,1.0095,0.0244
10990625000.0000,2.0430,0.0494,1.0111,0.0257
10993187500.0000,2.0432,0.0500,1.0115,0.0278
10995750000.0000,2.0453,0.0480,1.0083,0.0247
10998312500.0000,2.0433,0.0485,1.0120,0.0241
11000875000.0000,2.0404,0.0474,1.0110,0.0241
11003437500.0000,2.0431,0.0508,1.0120,0.0263
11006000000.0000,2.0429,0.0453,1.0121,0.0261
11008562500.0000,2.0422,0.0513,1.0114,0.0271
11011125000.0000,2.0456,0.0466,1.0121,0.0235
11013687500.0000,2.0410,0.0477,1.0114,0.0203
11016250000.0000,2.0397,0.0475,1.0110,0.0269
11018812500.0000,2.0363,0.0529,1.0115,0.0258
11021375000.0000,2.0421,0.0453,1.0126,0.0259
11023937500.0000,2.0382,0.0429,1.0125,0.0245
11026500000.0000,2.0438,0.0478,1.0111,0.0249
11029062500.0000,2.0409,0.0488,1.0133,0.0260
11031625000.0000,2.0426,0.0486,1.0128,0.0271
11034187500.0000,2.0396,0.0526,1.0118,0.0269
11036750000.0000,2.0376,0.0505,1.0118,0.0246
11039312500.0000,2.0431,0.0409,1.0128,0.0253
11041875000.0000,2.0402,0.0490,1.0105,0.0244
11044437500.0000,2.0433,0.0548,1.0098,0.0229
11047000000.0000,2.0370,0.0516,1.0107,0.0261
11049562500.0000,2.0441,0.0550,1.0089,0.0233
11052125000.0000,2.0369,0.0470,1.0117,0.0283
11054687500.0000,2.0396,0.0514,1.0104,0.0256
11057250000.0000,2.0389,0.0520,1.0086,0.0273
11059812500.0000,2.0407,0.0498,1.0095,0.0252
11062375000.0000,2.0393,0.0463,1.0119,0.0274
11064937500.0000,2.0427,0.0469,1.0126,0.0260
11067500000.0000,2.0403,0.0507,1.0123,0.0254
11070062500.0000,2.0452,0.0464,1.0106,0.0217
11072625000.0000,2.0411,0.0477,1.0107,0.0270
11075187500.0000,2.0412,0.0477,1.0120,0.0259
11077750000.0000,2.0421,0.0493,1.0098,0.0255
11080312500.0000,2.0407,0.0477,1.0085,0.0256
11082875000.0000,2.0388,0.0492,1.0122,0.0282
11085437500.0000,2.0416,0.0471,1.0113,0.0253
11088000000.0000,2.0392,0.0429,1.0105,0.0252
11090562500.0000,2.0430,0.0505,1.0105,0.0294
11093125000.0000,2.0450,0.0471,1.0104,0.0286
11095687500.0000,2.0411,0.0465,1.0087,0.0270
11098250000.0000,2.0399,0.0516,1.0105,0.0244
11100812500.0000,2.0462,0.0433,1.0126,0.0252
11103375000.0000,2.0418,0.0502,1.0096,0.0253
11105937500.0000,2.0490,0.0442,1.0111,0.0249
11108500000.0000,2.0391,0.0434,1.0093,0.0276
11111062500.0000,2.0362,0.0414,1.0092,0.0264
11113625000.0000,2.0371,0.0428,1.0096,0.0269
11116187500.0000,2.0416,0.0516,1.0067,0.0260
11118750000.0000,2.0441,0.0450,1.0117,0.0241
11121312500.0000,2.0455,0.0414,1.0149,0.0245
11123875000.0000,2.0437,0.0452,1.0130,0.0250
11126437500.0000,2.0457,0.0584,1.0070,0.0208
11129000000.0000,2.0385,0.0483,1.0110,0.0263
11131562500.0000,2.0414,0.0529,1.0073,0.0242
11134125000.0000,2.0387,0.0457,1.0125,0.0277
11136687500.0000,2.0445,0.0492,1.0090,0.0243
11139250000.0000,2.0381,0.0499,1.0112,0.0278
11141812500.0000,2.0418,0.0491,1.0085,0.0253
11144375000.0000,2.0389,0.0455,1.0135,0.0251
11146937500.0000,2.0432,0.0487,1.0088,0.0252
11149500000.0000,2.0429,0.0461,1.0088,0.0234
11152062500.0000,2.0406,0.0525,1.0111,0.0248
11154625000.0000,2.0401,0.0492,1.0130,0.0252
11157187500.0000,2.0411,0.0487,1.0114,0.0247
11159750000.0000,2.0427,0.0503,1.0113,0.0256
11162312500.0000,2.0413,0.0499,1.0121,0.0238
11164875000.0000,2.0413,0.0446,1.0116,0.0277
11167437500.0000,2.0405,0.0444,1.0133,0.0283
11170000000.0000,2.0377,0.0487,1.0138,0.0258
11172562500.0000,2.0400,0.0499,1.0120,0.0261
11175125000.0000,2.0368,0.0502,1.0102,0.0254
11177687500.0000,2.0409,0.0504,1.0094,0.0262
11180250000.0000,2.0392,0.0490,1.0099,0.0263
11182812500.0000,2.0360,0.0444,1.0122,0.0240
11185375000.0000,2.0395,0.0431,1.0113,0.0268
11187937500.0000,2.0325,0.0439,1.0118,0.0283
11190500000.0000,2.0446,0.0477,1.0128,0.0255
11193062500.0000,2.0438,0.0405,1.0132,0.0269
11195625000.0000,2.0389,0.0551,1.0106,0.0270
11198187500.0000,2.0456,0.0502,1.0103,0.0234
11200750000.0000,2.0385,0.0514,1.0111,0.0267
11203312500.0000,2.0376,0.0537,1.0088,0.0258
11205875000.0000,2.0409,0.0412,1.0120,0.0251
11208437500.0000,2.0427,0.0429,1.0126,0.0224
11211000000.0000,2.0444,0.0469,1.0128,0.0262
11213562500.0000,2.0439,0.0482,1.0101,0.0244
11216125000.0000,2.0424,0.0451,1.0122,0.0240
11218687500.0000,2.0417,0.0480,1.0109,0.0236
11221250000.0000,2.0404,0.0449,1.0125,0.0259
11223812500.0000,2.0452,0.0520,1.0095,0.0234
11226375000.0000,2.0454,0.0486,1.0102,0.0235
11228937500.0000,2.0445,0.0493,1.0101,0.0251
11231500000.0000,2.0403,0.0496,1.0118,0.0246
11234062500.0000,2.0440,0.0494,1.0094,0.0239
11236625000.0000,2.0393,0.0516,1.0099,0.0270
11239187500.0000,2.0480,0.0460,1.0115,0.0232
11241750000.0000,2.0424,0.0457,1.0109,0.0258
11244312500.0000,2.0432,0.0536,1.0098,0.0232
11246875000.0000,2.0412,0.0489,1.0113,0.0261
11249437500.0000,2.0449,0.0500,1.0105,0.0263
11252000000.0000,2.0450,0.0486,1.0120,0.0245
11254562500.0000,2.0420,0.0478,1.0122,0.0263
11257125000.0000,2.0464,0.0497,1.0089,0.0283
11259687500.0000,2.0403,0.0495,1.0077,0.0237
11262250000.0000,2.0405,0.0471,1.0098,0.0238
11264812500.0000,2.0381,0.0541,1.0085,0.0237
11267375000.0000,2.0479,0.0510,1.0117,0.0247
11269937500.0000,2.0449,0.0483,1.0112,0.0254
11272500000.0000,2.0446,0.0443,1.0122,0.0277
11275062500.0000,2.0441,0.0456,1.0131,0.0259
11277625000.0000,2.0404,0.0522,1.0089,0.0226
11280187500.0000,2.0429,0.0474,1.0110,0.0247
11282750000.0000,2.0420,0.0486,1.0106,0.0234
11285312500.0000,2.0414,0.0492,1.0092,0.0234
11287875000.0000,2.0423,0.0504,1.0092,0.0256
11290437500.0000,2.0447,0.0471,1.0108,0.0250
11293000000.0000,2.0413,0.0482,1.0101,0.0240
11295562500.0000,2.0404,0.0481,1.0108,0.0251
11298125000.0000,2.0393,0.0467,1.0119,0.0251
11300687500.0000,2.0400,0.0445,1.0130,0.0268
11303250000.0000,2.0417,0.0456,1.0119,0.0252
11305812500.0000,2.0419,0.0467,1.0125,0.0240
11308375000.0000,2.0399,0.0468,1.0119,0.0252
11310937500.0000,2.0397,0.0475,1.0110,0.0259
11313500000.0000,2.0420,0.0480,1.0115,0.0259
11316062500.0000,2.0424,0.0482,1.0124,0.0256
11318625000.0000,2.0442,0.0487,1.0143,0.0248
11321187500.0000,2.0376,0.0500,1.0096,0.0255
11323750000.0000,2.0402,0.0490,1.0067,0.0208
11326312500.0000,2.0435,0.0469,1.0120,0.0254
11328875000.0000,2.0453,0.0485,1.0129,0.0234
11331437500.0000,2.0424,0.0478,1.0106,0.0269
11334000000.0000,2.0501,0.0446,1.0093,0.0255
11336562500.0000,2.0348,0.0504,1.0116,0.0251
11339125000.0000,2.0457,0.0574,1.0136,0.0240
11341687500.0000,2.0359,0.0478,1.0113,0.0273
11344250000.0000,2.0386,0.0500,1.0122,0.0258
11346812500.0000,2.0444,0.0455,1.0129,0.0270
11349375000.0000,2.0424,0.0495,1.0126,0.0238
11351937500.0000,2.0471,0.0478,1.0114,0.0257
11354500000.0000,2.0433,0.0481,1.0138,0.0268
11357062500.0000,2.0466,0.0508,1.0133,0.0248
11359625000.0000,2.0440,0.0512,1.0123,0.0250
11362187500.0000,2.0461,0.0499,1.0143,0.0239
11364750000.0000,2.0464,0.0578,1.0114,0.0207
11367312500.0000,2.0469,0.0461,1.0113,0.0256
11369875000.0000,2.0430,0.0506,1.0097,0.0242
11372437500.0000,2.0381,0.0496,1.0100,0.0235
11375000000.0000,2.0432,0.0510,1.0111,0.0253
11377562500.0000,2.0460,0.0482,1.0126,0.0257
11380125000.0000,2.0474,0.0517,1.0108,0.0248
11382687500.0000,2.0465,0.0505,1.0088,0.0245
11385250000.0000,2.0457,0.0491,1.0108,0.0247
11387812500.0000,2.0456,0.0501,1.0103,0.0243
11390375000.0000,2.0474,0.0495,1.0103,0.0246
11392937500.0000,2.0452,0.0480,1.0122,0.0254
11395500000.0000,2.0451,0.0491,1.0111,0.0247
11398062500.0000,2.0456,0.0507,1.0103,0.0238
11400625000.0000,2.0439,0.0514,1.0103,0.0265
11403187500.0000,2.0450,0.0507,1.0073,0.0245
11405750000.0000,2.0446,0.0525,1.0084,0.0266
11408312500.0000,2.0499,0.0457,1.0129,0.0220
11410875000.0000,2.0479,0.0457,1.0124,0.0235
11413437500.0000,2.0425,0.0449,1.0101,0.0279
11416000000.0000,2.0483,0.0480,1.0084,0.0236
11418562500.0000,2.0409,0.0447,1.0093,0.0293
11421125000.0000,2.0397,0.0479,1.0130,0.0277
11423687500.0000,2.0449,0.0451,1.0129,0.0274
11426250000.0000,2.0475,0.0480,1.0120,0.0248
11428812500.0000,2.0457,0.0507,1.0086,0.0242
11431375000.0000,2.0482,0.0480,1.0118,0.0226
11433937500.0000,2.0464,0.0495,1.0103,0.0255
11436500000.0000,2.0487,0.0474,1.0143,0.0251
11439062500.0000,2.0408,0.0473,1.0109,0.0266
11441625000.0000,2.0442,0.0492,1.0106,0.0238
11444187500.0000,2.0446,0.0514,1.0109,0.0224
11446750000.0000,2.0436,0.0461,1.0124,0.0243
11449312500.0000,2.0440,0.0468,1.0129,0.0260
11451875000.0000,2.0416,0.0484,1.0115,0.0242
11454437500.0000,2.0430,0.0480,1.0127,0.0239
11457000000.0000,2.0449,0.0472,1.0114,0.0243
11459562500.0000,2.0445,0.0492,1.0117,0.0244
11462125000.0000,2.0441,0.0496,1.0117,0.0244
11464687500.0000,2.0440,0.0478,1.0115,0.0241
11467250000.0000,2.0456,0.0497,1.0123,0.0243
11469812500.0000,2.0441,0.0481,1.0140,0.0253
11472375000.0000,2.0444,0.0478,1.0124,0.0261
11474937500.0000,2.0429,0.0487,1.0108,0.0265
11477500000.0000,2.0442,0.0523,1.0126,0.0234
11480062500.0000,2.0456,0.0496,1.0118,0.0234
11482625000.0000,2.0444,0.0476,1.0115,0.0267
11485187500.0000,2.0431,0.0466,1.0120,0.0269
11487750000.0000,2.0475,0.0527,1.0145,0.0230
11490312500.0000,2.0424,0.0506,1.0127,0.0240
11492875000.0000,2.0432,0.0478,1.0141,0.0258
11495437500.0000,2.0442,0.0497,1.0137,0.0266
11498000000.0000,2.0448,0.0518,1.0155,0.0246
11500562500.0000,2.0408,0.0500,1.0098,0.0270
11503125000.0000,2.0449,0.0479,1.0133,0.0283
11505687500.0000,2.0441,0.0458,1.0143,0.0286
11508250000.0000,2.0425,0.0477,1.0109,0.0276
11510812500.0000,2.0457,0.0494,1.0121,0.0253
11513375000.0000,2.0461,0.0520,1.0103,0.0227
11515937500.0000,2.0444,0.0513,1.0114,0.0236
11518500000.0000,2.0474,0.0508,1.0131,0.0269
11521062500.0000,2.0474,0.0499,1.0091,0.0266
11523625000.0000,2.0473,0.0537,1.0132,0.0261
11526187500.0000,2.0471,0.0517,1.0115,0.0272
11528750000.0000,2.0466,0.0507,1.0123,0.0278
11531312500.0000,2.0466,0.0494,1.0111,0.0284
11533875000.0000,2.0471,0.0541,1.0153,0.0253
11536437500.0000,2.0465,0.0514,1.0133,0.0265
11539000000.0000,2.0469,0.0506,1.0129,0.0273
11541562500.0000,2.0444,0.0511,1.0132,0.0251
11544125000.0000,2.0474,0.0551,1.0117,0.0247
11546687500.0000,2.0403,0.0507,1.0157,0.0271
11549250000.0000,2.0443,0.0523,1.0150,0.0294
11551812500.0000,2.0441,0.0585,1.0104,0.0270
11554375000.0000,2.0475,0.0490,1.0147,0.0278
11556937500.0000,2.0495,0.0556,1.0112,0.0235
11559500000.0000,2.0405,0.0496,1.0135,0.0283
11562062500.0000,2.0451,0.0531,1.0132,0.0285
11564625000.0000,2.0497,0.0514,1.0146,0.0241
11567187500.0000,2.0474,0.0521,1.0131,0.0258
11569750000.0000,2.0486,0.0497,1.0135,0.0254
11572312500.0000,2.0465,0.0500,1.0155,0.0264
11574875000.0000,2.0474,0.0508,1.0153,0.0267
11577437500.0000,2.0425,0.0536,1.0107,0.0275
11580000000.0000,2.0517,0.0490,1.0160,0.0238
11582562500.0000,2.0442,0.0489,1.0155,0.0276
11585125000.0000,2.0442,0.0533,1.0164,0.0271
11587687500.0000,2.0437,0.0508,1.0160,0.0270
11590250000.0000,2.0473,0.0540,1.0150,0.0246
11592812500.0000,2.0483,0.0533,1.0138,0.0246
11595375000.0000,2.0450,0.0499,1.0161,0.0258
11597937500.0000,2.0413,0.0510,1.0169,0.0291
11600500000.0000,2.0469,0.0506,1.0163,0.0234
11603062500.0000,2.0461,0.0473,1.0179,0.0268
11605625000.0000,2.0447,0.0518,1.0161,0.0264
11608187500.0000,2.0464,0.0519,1.0200,0.0266
11610750000.0000,2.0447,0.0513,1.0182,0.0262
11613312500.0000,2.0434,0.0520,1.0196,0.0282
11615875000.0000,2.0390,0.0504,1.0207,0.0243
11618437500.0000,2.0414,0.0510,1.0193,0.0252
11621000000.0000,2.0457,0.0514,1.0182,0.0275
11623562500.0000,2.0426,0.0526,1.0221,0.0285
11626125000.0000,2.0421,0.0547,1.0246,0.0264
11628687500.0000,2.0416,0.0539,1.0244,0.0269
11631250000.0000,2.0427,0.0520,1.0245,0.0256
11633812500.0000,2.0413,0.0489,1.0279,0.0285
11636375000.0000,2.0378,0.0524,1.0284,0.0265
11638937500.0000,2.0366,0.0558,1.0282,0.0272
11641500000.0000,2.0355,0.0582,1.0317,0.0266
11644062500.0000,2.0346,0.0557,1.0342,0.0261
11646625000.0000,2.0239,0.0574,1.0351,0.0273
11649187500.0000,2.0281,0.0599,1.0481,0.0295
11651750000.0000,2.0241,0.0579,1.0531,0.0243
11654312500.0000,2.0125,0.0563,1.0642,0.0223
11656875000.0000,1.9991,0.0566,1.0848,0.0116
11659437500.0000,1.9686,0.0473,1.1138,-0.0252
11662000000.0000,1.9527,-0.0235,1.0967,-0.1378
11664562500.0000,2.0482,-0.0610,0.9420,-0.1222
11667125000.0000,2.0793,-0.0102,0.9369,-0.0379
11669687500.0000,2.0743,0.0141,0.9525,-0.0046
11672250000.0000,2.0747,0.0246,0.9671,0.0031
11674812500.0000,2.0701,0.0304,0.9736,0.0119
11677375000.0000,2.0671,0.0349,0.9785,0.0150
11679937500.0000,2.0639,0.0388,0.9844,0.0148
11682500000.0000,2.0619,0.0402,0.9856,0.0199
11685062500.0000,2.0615,0.0384,0.9881,0.0193
11687625000.0000,2.0600,0.0426,0.9905,0.0225
11690187500.0000,2.0593,0.0402,0.9935,0.0219
11692750000.0000,2.0605,0.0420,0.9943,0.0237
11695312500.0000,2.0610,0.0405,0.9937,0.0203
11697875000.0000,2.0586,0.0474,0.9963,0.0237
11700437500.0000,2.0573,0.0458,0.9965,0.0255
11703000000.0000,2.0536,0.0455,0.9986,0.0251
11705562500.0000,2.0559,0.0443,0.9984,0.0255
11708125000.0000,2.0573,0.0453,0.9983,0.0232
11710687500.0000,2.0566,0.0464,0.9987,0.0257
11713250000.0000,2.0581,0.0426,0.9997,0.0244
11715812500.0000,2.0624,0.0460,1.0000,0.0238
11718375000.0000,2.0554,0.0448,1.0002,0.0265
11720937500.0000,2.0571,0.0473,1.0001,0.0259
11723500000.0000,2.0591,0.0396,1.0022,0.0278
11726062500.0000,2.0577,0.0442,1.0006,0.0265
11728625000.0000,2.0630,0.0475,1.0009,0.0228
11731187500.0000,2.0555,0.0455,1.0009,0.0244
11733750000.0000,2.0506,0.0410,1.0049,0.0270
11736312500.0000,2.0542,0.0437,1.0042,0.0257
11738875000.0000,2.0570,0.0448,1.0046,0.0236
11741437500.0000,2.0592,0.0456,1.0063,0.0206
11744000000.0000,2.0541,0.0492,1.0033,0.0246
11746562500.0000,2.0569,0.0476,1.0032,0.0237
11749125000.0000,2.0596,0.0462,1.0049,0.0251
11751687500.0000,2.0525,0.0452,1.0046,0.0271
11754250000.0000,2.0525,0.0450,1.0021,0.0256
11756812500.0000,2.0537,0.0441,1.0076,0.0231
11759375000.0000,2.0588,0.0456,1.0065,0.0238
11761937500.0000,2.0563,0.0487,1.0032,0.0246
11764500000.0000,2.0581,0.0436,1.0052,0.0258
11767062500.0000,2.0547,0.0469,1.0065,0.0257
11769625000.0000,2.0526,0.0486,1.0074,0.0272
11772187500.0000,2.0563,0.0452,1.0068,0.0272
11774750000.0000,2.0564,0.0451,1.0048,0.0262
11777312500.0000,2.0553,0.0455,1.0061,0.0248
11779875000.0000,2.0584,0.0448,1.0049,0.0254
11782437500.0000,2.0539,0.0442,1.0062,0.0254
11785000000.0000,2.0569,0.0450,1.0087,0.0249
11787562500.0000,2.0520,0.0435,1.0082,0.0263
11790125000.0000,2.0589,0.0458,1.0088,0.0247
11792687500.0000,2.0554,0.0479,1.0063,0.0210
11795250000.0000,2.0505,0.0504,1.0067,0.0232
11797812500.0000,2.0521,0.0489,1.0030,0.0268
11800375000.0000,2.0578,0.0448,1.0075,0.0245
11802937500.0000,2.0532,0.0433,1.0080,0.0273
11805500000.0000,2.0566,0.0497,1.0066,0.0242
11808062500.0000,2.0528,0.0472,1.0076,0.0276
11810625000.0000,2.0517,0.0484,1.0081,0.0256
11813187500.0000,2.0526,0.0507,1.0057,0.0253
11815750000.0000,2.0598,0.0476,1.0060,0.0224
11818312500.0000,2.0560,0.0465,1.0089,0.0256
11820875000.0000,2.0488,0.0444,1.0097,0.0291
11823437500.0000,2.0575,0.0453,1.0054,0.0224
11826000000.0000,2.0552,0.0438,1.0088,0.0256
11828562500.0000,2.0561,0.0468,1.0086,0.0232
11831125000.0000,2.0541,0.0499,1.0058,0.0267
11833687500.0000,2.0560,0.0460,1.0076,0.0252
11836250000.0000,2.0550,0.0492,1.0061,0.0288
11838812500.0000,2.0523,0.0492,1.0102,0.0271
11841375000.0000,2.0536,0.0478,1.0065,0.0276
11843937500.0000,2.0563,0.0488,1.0052,0.0274
11846500000.0000,2.0526,0.0483,1.0069,0.0264
11849062500.0000,2.0518,0.0521,1.0085,0.0267
11851625000.0000,2.0547,0.0461,1.0077,0.0259
11854187500.0000,2.0559,0.0541,1.0056,0.0290
11856750000.0000,2.0539,0.0469,1.0071,0.0265
11859312500.0000,2.0542,0.0485,1.0078,0.0265
11861875000.0000,2.0541,0.0469,1.0046,0.0277
11864437500.0000,2.0558,0.0445,1.0057,0.0254
11867000000.0000,2.0566,0.0504,1.0052,0.0262
11869562500.0000,2.0581,0.0420,1.0095,0.0292
11872125000.0000,2.0528,0.0445,1.0047,0.0280
11874687500.0000,2.0558,0.0524,1.0067,0.0254
11877250000.0000,2.0526,0.0445,1.0056,0.0277
11879812500.0000,2.0572,0.0501,1.0069,0.0246
11882375000.0000,2.0542,0.0420,1.0062,0.0274
11884937500.0000,2.0567,0.0509,1.0070,0.0255
11887500000.0000,2.0592,0.0432,1.0070,0.0277
11890062500.0000,2.0563,0.0456,1.0075,0.0269
11892625000.0000,2.0560,0.0422,1.0072,0.0279
11895187500.0000,2.0559,0.0440,1.0049,0.0277
11897750000.0000,2.0544,0.0427,1.0068,0.0281
11900312500.0000,2.0532,0.0451,1.0042,0.0256
11902875000.0000,2.0539,0.0442,1.0058,0.0242
11905437500.0000,2.0595,0.0403,1.0080,0.0258
11908000000.0000,2.0542,0.0390,1.0085,0.0272
11910562500.0000,2.0534,0.0394,1.0080,0.0288
11913125000.0000,2.0569,0.0389,1.0083,0.0253
11915687500.0000,2.0564,0.0417,1.0042,0.0272
11918250000.0000,2.0566,0.0450,1.0033,0.0264
11920812500.0000,2.0566,0.0465,1.0048,0.0278
11923375000.0000,2.0558,0.0423,1.0065,0.0261
11925937500.0000,2.0538,0.0401,1.0078,0.0268
11928500000.0000,2.0521,0.0411,1.0076,0.0255
11931062500.0000,2.0549,0.0432,1.0063,0.0249
11933625000.0000,2.0543,0.0442,1.0054,0.0253
11936187500.0000,2.0487,0.0398,1.0062,0.0248
11938750000.0000,2.0522,0.0440,1.0068,0.0263
11941312500.0000,2.0527,0.0422,1.0067,0.0272
11943875000.0000,2.0564,0.0406,1.0069,0.0277
11946437500.0000,2.0609,0.0426,1.0073,0.0271
11949000000.0000,2.0609,0.0448,1.0072,0.0265
11951562500.0000,2.0534,0.0396,1.0075,0.0287
11954125000.0000,2.0532,0.0434,1.0078,0.0282
11956687500.0000,2.0510,0.0414,1.0074,0.0275
11959250000.0000,2.0581,0.0458,1.0069,0.0250
11961812500.0000,2.0505,0.0473,1.0065,0.0277
11964375000.0000,2.0523,0.0476,1.0049,0.0260
11966937500.0000,2.0583,0.0469,1.0080,0.0261
11969500000.0000,2.0504,0.0493,1.0082,0.0292
11972062500.0000,2.0556,0.0448,1.0055,0.0269
11974625000.0000,2.0499,0.0410,1.0099,0.0279
11977187500.0000,2.0511,0.0411,1.0094,0.0283
11979750000.0000,2.0559,0.0528,1.0056,0.0250
11982312500.0000,2.0571,0.0457,1.0087,0.0267
11984875000.0000,2.0544,0.0467,1.0089,0.0302
11987437500.0000,2.0526,0.0470,1.0086,0.0291
11990000000.0000,2.0545,0.0463,1.0079,0.0268
11992562500.0000,2.0500,0.0470,1.0097,0.0314
11995125000.0000,2.0529,0.0472,1.0079,0.0299
11997687500.0000,2.0521,0.0463,1.0084,0.0297
12000250000.0000,2.0566,0.0467,1.0071,0.0309
12002812500.0000,2.0510,0.0453,1.0112,0.0289
12005375000.0000,2.0498,0.0446,1.0113,0.0274
12007937500.0000,2.0484,0.0467,1.0121,0.0292
12010500000.0000,2.0535,0.0488,1.0087,0.0296
12013062500.0000,2.0552,0.0463,1.0080,0.0290
12015625000.0000,2.0558,0.0446,1.0075,0.0284
12018187500.0000,2.0503,0.0428,1.0102,0.0286
12020750000.0000,2.0471,0.0448,1.0103,0.0291
12023312500.0000,2.0496,0.0472,1.0093,0.0251
12025875000.0000,2.0552,0.0446,1.0093,0.0273
12028437500.0000,2.0552,0.0446,1.0086,0.0271
12031000000.0000,2.0551,0.0492,1.0109,0.0266
12033562500.0000,2.0525,0.0404,1.0099,0.0304
12036125000.0000,2.0584,0.0440,1.0099,0.0293
12038687500.0000,2.0470,0.0365,1.0078,0.0302
12041250000.0000,2.0497,0.0395,1.0073,0.0291
12043812500.0000,2.0635,0.0430,1.0096,0.0292
12046375000.0000,2.0515,0.0423,1.0073,0.0297
12048937500.0000,2.0532,0.0449,1.0080,0.0260
12051500000.0000,2.0494,0.0408,1.0080,0.0288
12054062500.0000,2.0526,0.0392,1.0095,0.0285
12056625000.0000,2.0525,0.0458,1.0068,0.0274
12059187500.0000,2.0545,0.0378,1.0097,0.0270
12061750000.0000,2.0509,0.0387,1.0095,0.0275
12064312500.0000,2.0563,0.0434,1.0088,0.0257
12066875000.0000,2.0519,0.0377,1.0091,0.0275
12069437500.0000,2.0543,0.0402,1.0091,0.0275
12072000000.0000,2.0493,0.0392,1.0092,0.0276
12074562500.0000,2.0557,0.0388,1.0086,0.0253
12077125000.0000,2.0494,0.0394,1.0099,0.0294
12079687500.0000,2.0522,0.0368,1.0093,0.0278
12082250000.0000,2.0508,0.0383,1.0101,0.0285
12084812500.0000,2.0538,0.0387,1.0098,0.0267
12087375000.0000,2.0482,0.0427,1.0098,0.0274
12089937500.0000,2.0515,0.0451,1.0088,0.0276
12092500000.0000,2.0491,0.0386,1.0106,0.0276
12095062500.0000,2.0566,0.0472,1.0104,0.0283
12097625000.0000,2.0459,0.0424,1.0084,0.0280
12100187500.0000,2.0475,0.0375,1.0106,0.0280
12102750000.0000,2.0554,0.0474,1.0140,0.0259
12105312500.0000,2.0469,0.0413,1.0102,0.0271
12107875000.0000,2.0446,0.0413,1.0105,0.0269
12110437500.0000,2.0396,0.0516,1.0093,0.0273
12113000000.0000,2.0479,0.0490,1.0116,0.0276
12115562500.0000,2.0474,0.0361,1.0101,0.0289
12118125000.0000,2.0459,0.0416,1.0108,0.0280
12120687500.0000,2.0407,0.0517,1.0082,0.0266
12123250000.0000,2.0341,0.0407,1.0098,0.0292
12125812500.0000,2.0426,0.0469,1.0092,0.0265
12128375000.0000,2.0426,0.0440,1.0106,0.0281
12130937500.0000,2.0425,0.0508,1.0115,0.0260
12133500000.0000,2.0453,0.0408,1.0124,0.0286
12136062500.0000,2.0405,0.0498,1.0098,0.0256
12138625000.0000,2.0402,0.0436,1.0116,0.0274
12141187500.0000,2.0454,0.0414,1.0132,0.0280
12143750000.0000,2.0452,0.0448,1.0123,0.0278
12146312500.0000,2.0467,0.0403,1.0129,0.0277
12148875000.0000,2.0418,0.0401,1.0127,0.0284
12151437500.0000,2.0435,0.0388,1.0137,0.0291
12154000000.0000,2.0452,0.0420,1.0140,0.0278
12156562500.0000,2.0434,0.0421,1.0125,0.0282
12159125000.0000,2.0451,0.0416,1.0122,0.0274
12161687500.0000,2.0437,0.0434,1.0128,0.0285
12164250000.0000,2.0468,0.0437,1.0127,0.0276
12166812500.0000,2.0440,0.0437,1.0127,0.0288
12169375000.0000,2.0416,0.0406,1.0128,0.0282
12171937500.0000,2.0453,0.0382,1.0127,0.0286
12174500000.0000,2.0444,0.0383,1.0116,0.0302
12177062500.0000,2.0428,0.0409,1.0133,0.0297
12179625000.0000,2.0449,0.0361,1.0145,0.0286
12182187500.0000,2.0437,0.0433,1.0137,0.0260
12184750000.0000,2.0420,0.0357,1.0149,0.0303
12187312500.0000,2.0425,0.0384,1.0117,0.0245
12189875000.0000,2.0474,0.0393,1.0164,0.0294
12192437500.0000,2.0470,0.0364,1.0140,0.0267
12195000000.0000,2.0491,0.0391,1.0134,0.0249
12197562500.0000,2.0392,0.0385,1.0122,0.0255
12200125000.0000,2.0409,0.0342,1.0121,0.0283
12202687500.0000,2.0482,0.0387,1.0151,0.0297
12205250000.0000,2.0425,0.0377,1.0123,0.0268
12207812500.0000,2.0396,0.0357,1.0099,0.0248
12210375000.0000,2.0475,0.0376,1.0103,0.0273
12212937500.0000,2.0455,0.0372,1.0117,0.0268
12215500000.0000,2.0452,0.0363,1.0123,0.0267
12218062500.0000,2.0399,0.0331,1.0115,0.0272
12220625000.0000,2.0429,0.0383,1.0134,0.0269
12223187500.0000,2.0416,0.0367,1.0113,0.0271
12225750000.0000,2.0420,0.0363,1.0121,0.0254
12228312500.0000,2.0438,0.0331,1.0130,0.0276
12230875000.0000,2.0443,0.0365,1.0130,0.0276
12233437500.0000,2.0425,0.0366,1.0125,0.0278
12236000000.0000,2.0408,0.0372,1.0129,0.0273
12238562500.0000,2.0419,0.0345,1.0128,0.0263
12241125000.0000,2.0418,0.0322,1.0132,0.0265
12243687500.0000,2.0404,0.0312,1.0142,0.0270
12246250000.0000,2.0403,0.0345,1.0141,0.0268
12248812500.0000,2.0385,0.0350,1.0131,0.0267
12251375000.0000,2.0420,0.0347,1.0152,0.0254
12253937500.0000,2.0405,0.0337,1.0161,0.0253
12256500000.0000,2.0368,0.0333,1.0158,0.0282
12259062500.0000,2.0392,0.0391,1.0167,0.0254
12261625000.0000,2.0358,0.0383,1.0133,0.0247
12264187500.0000,2.0346,0.0330,1.0134,0.0272
12266750000.0000,2.0376,0.0383,1.0164,0.0265
12269312500.0000,2.0371,0.0365,1.0152,0.0257
12271875000.0000,2.0363,0.0319,1.0176,0.0270
12274437500.0000,2.0400,0.0308,1.0169,0.0259
12277000000.0000,2.0409,0.0336,1.0178,0.0273
12279562500.0000,2.0403,0.0352,1.0179,0.0271
12282125000.0000,2.0334,0.0337,1.0171,0.0275
12284687500.0000,2.0410,0.0285,1.0192,0.0276
12287250000.0000,2.0325,0.0391,1.0153,0.0247
12289812500.0000,2.0326,0.0347,1.0185,0.0272
12292375000.0000,2.0384,0.0305,1.0172,0.0267
12294937500.0000,2.0344,0.0336,1.0167,0.0267
12297500000.0000,2.0361,0.0351,1.0172,0.0288
12300062500.0000,2.0350,0.0347,1.0170,0.0273
12302625000.0000,2.0346,0.0347,1.0169,0.0279
12305187500.0000,2.0364,0.0361,1.0151,0.0262
12307750000.0000,2.0347,0.0355,1.0165,0.0271
12310312500.0000,2.0345,0.0361,1.0178,0.0258
12312875000.0000,2.0381,0.0355,1.0154,0.0259
12315437500.0000,2.0325,0.0381,1.0184,0.0269
12318000000.0000,2.0350,0.0365,1.0148,0.0257
12320562500.0000,2.0351,0.0354,1.0164,0.0270
12323125000.0000,2.0340,0.0338,1.0176,0.0273
12325687500.0000,2.0401,0.0397,1.0152,0.0272
12328250000.0000,2.0386,0.0364,1.0163,0.0245
12330812500.0000,2.0346,0.0347,1.0156,0.0272
12333375000.0000,2.0349,0.0392,1.0116,0.0287
12335937500.0000,2.0354,0.0368,1.0156,0.0272
12338500000.0000,2.0393,0.0377,1.0158,0.0259
12341062500.0000,2.0362,0.0410,1.0151,0.0264
12343625000.0000,2.0410,0.0421,1.0157,0.0246
12346187500.0000,2.0419,0.0388,1.0188,0.0239
12348750000.0000,2.0375,0.0360,1.0181,0.0261
12351312500.0000,2.0344,0.0394,1.0159,0.0261
12353875000.0000,2.0367,0.0370,1.0146,0.0266
12356437500.0000,2.0363,0.0355,1.0134,0.0275
12359000000.0000,2.0388,0.0378,1.0165,0.0255
12361562500.0000,2.0381,0.0366,1.0184,0.0280
12364125000.0000,2.0345,0.0417,1.0169,0.0276
12366687500.0000,2.0329,0.0425,1.0150,0.0281
12369250000.0000,2.0324,0.0398,1.0167,0.0264
12371812500.0000,2.0345,0.0373,1.0171,0.0293
12374375000.0000,2.0350,0.0329,1.0141,0.0281
12376937500.0000,2.0358,0.0359,1.0171,0.0278
12379500000.0000,2.0346,0.0404,1.0196,0.0280
12382062500.0000,2.0341,0.0393,1.0175,0.0277
12384625000.0000,2.0347,0.0366,1.0152,0.0291
12387187500.0000,2.0332,0.0358,1.0143,0.0286
12389750000.0000,2.0305,0.0388,1.0187,0.0261
12392312500.0000,2.0309,0.0392,1.0181,0.0269
12394875000.0000,2.0330,0.0362,1.0166,0.0283
12397437500.0000,2.0327,0.0359,1.0164,0.0263
12400000000.0000,2.0326,0.0340,1.0175,0.0268
