f(GHz)	  e'	  e"	  u'	  u"	tan_e	tan_u	  RL	RL_med	 Zin	 S11	 S21	   A	   R	   T	 SEt	 SEr	 SEa	SEmr
8.20	2.99	0.18	2.99	0.18	0.06	0.06	-5.14	-123.32	85.45	0.35	0.68	0.42	0.12	0.46	2.83	0.55	2.84	-0.56
8.21	3.01	0.18	3.01	0.18	0.06	0.06	-5.20	-123.32	77.73	0.34	0.68	0.43	0.12	0.46	2.87	0.54	2.87	-0.54
8.22	3.02	0.18	3.02	0.18	0.06	0.06	-5.27	-123.32	70.91	0.34	0.67	0.43	0.12	0.45	2.90	0.53	2.90	-0.53
8.23	3.04	0.18	3.04	0.18	0.06	0.06	-5.33	-123.32	64.90	0.34	0.67	0.44	0.11	0.45	2.94	0.52	2.93	-0.51
8.24	3.05	0.18	3.05	0.18	0.06	0.06	-5.40	-123.32	59.61	0.33	0.67	0.44	0.11	0.45	2.97	0.51	2.96	-0.50
8.25	3.07	0.19	3.07	0.19	0.06	0.06	-5.47	-123.32	54.94	0.33	0.67	0.45	0.11	0.45	3.01	0.49	3.00	-0.48
8.26	3.08	0.19	3.08	0.19	0.06	0.06	-5.54	-123.32	50.83	0.32	0.67	0.45	0.10	0.45	3.05	0.48	3.03	-0.46
8.27	3.10	0.19	3.10	0.19	0.06	0.06	-5.61	-123.32	47.19	0.32	0.67	0.46	0.10	0.44	3.09	0.46	3.07	-0.44
8.28	3.11	0.19	3.11	0.19	0.06	0.06	-5.68	-123.32	43.97	0.31	0.66	0.46	0.10	0.44	3.12	0.45	3.10	-0.43
8.29	3.13	0.20	3.13	0.20	0.06	0.06	-5.75	-123.32	41.12	0.31	0.66	0.47	0.09	0.44	3.16	0.43	3.14	-0.41
8.30	3.15	0.20	3.15	0.20	0.06	0.06	-5.82	-123.32	38.59	0.30	0.66	0.47	0.09	0.44	3.20	0.41	3.18	-0.39
8.31	3.16	0.20	3.16	0.20	0.06	0.06	-5.90	-123.32	36.35	0.30	0.66	0.48	0.09	0.44	3.24	0.40	3.21	-0.37
8.32	3.18	0.20	3.18	0.20	0.06	0.06	-5.98	-123.32	34.34	0.29	0.66	0.48	0.08	0.43	3.28	0.38	3.25	-0.35
8.33	3.20	0.20	3.20	0.20	0.06	0.06	-6.06	-123.32	32.56	0.28	0.66	0.49	0.08	0.43	3.32	0.36	3.29	-0.33
8.34	3.21	0.21	3.21	0.21	0.06	0.06	-6.13	-123.32	30.97	0.28	0.66	0.49	0.08	0.43	3.36	0.34	3.33	-0.31
8.35	3.23	0.21	3.23	0.21	0.06	0.06	-6.22	-123.32	29.56	0.27	0.65	0.50	0.07	0.43	3.40	0.33	3.37	-0.29
8.36	3.25	0.21	3.25	0.21	0.07	0.07	-6.30	-123.32	28.30	0.26	0.65	0.51	0.07	0.42	3.44	0.31	3.41	-0.28
8.37	3.27	0.21	3.27	0.21	0.07	0.07	-6.38	-123.32	27.18	0.25	0.65	0.51	0.06	0.42	3.48	0.29	3.45	-0.26
8.38	3.28	0.22	3.28	0.22	0.07	0.07	-6.47	-123.32	26.18	0.25	0.65	0.52	0.06	0.42	3.53	0.27	3.49	-0.24
8.39	3.30	0.22	3.30	0.22	0.07	0.07	-6.56	-123.32	25.29	0.24	0.65	0.53	0.06	0.42	3.57	0.25	3.54	-0.22
8.40	3.32	0.22	3.32	0.22	0.07	0.07	-6.65	-123.32	24.51	0.23	0.64	0.53	0.05	0.42	3.62	0.24	3.58	-0.20
8.41	3.34	0.23	3.34	0.23	0.07	0.07	-6.74	-123.32	23.83	0.22	0.64	0.54	0.05	0.41	3.66	0.22	3.63	-0.19
8.42	3.36	0.23	3.36	0.23	0.07	0.07	-6.83	-123.32	23.23	0.21	0.64	0.54	0.05	0.41	3.71	0.20	3.67	-0.17
8.43	3.38	0.23	3.38	0.23	0.07	0.07	-6.92	-123.32	22.72	0.21	0.64	0.55	0.04	0.41	3.75	0.19	3.72	-0.16
8.44	3.39	0.23	3.39	0.23	0.07	0.07	-7.02	-123.32	22.28	0.20	0.64	0.56	0.04	0.40	3.80	0.17	3.77	-0.14
8.45	3.41	0.24	3.41	0.24	0.07	0.07	-7.12	-123.32	21.92	0.19	0.63	0.56	0.04	0.40	3.85	0.16	3.82	-0.13
8.46	3.43	0.24	3.43	0.24	0.07	0.07	-7.22	-123.32	21.63	0.18	0.63	0.57	0.03	0.40	3.89	0.15	3.87	-0.12
8.47	3.45	0.24	3.45	0.24	0.07	0.07	-7.32	-123.32	21.41	0.17	0.63	0.58	0.03	0.39	3.94	0.13	3.92	-0.11
8.48	3.47	0.25	3.47	0.25	0.07	0.07	-7.42	-123.32	21.25	0.17	0.62	0.58	0.03	0.39	4.00	0.12	3.97	-0.10
8.49	3.49	0.25	3.49	0.25	0.07	0.07	-7.53	-123.32	21.16	0.16	0.62	0.59	0.03	0.39	4.05	0.11	4.02	-0.09
8.50	3.52	0.25	3.52	0.25	0.07	0.07	-7.64	-123.32	21.14	0.15	0.62	0.59	0.02	0.38	4.10	0.10	4.08	-0.08
8.51	3.54	0.26	3.54	0.26	0.07	0.07	-7.75	-123.32	21.18	0.15	0.61	0.60	0.02	0.38	4.15	0.09	4.13	-0.07
8.52	3.56	0.26	3.56	0.26	0.07	0.07	-7.86	-123.32	21.30	0.14	0.61	0.61	0.02	0.37	4.21	0.09	4.19	-0.07
8.53	3.58	0.26	3.58	0.26	0.07	0.07	-7.97	-123.32	21.48	0.14	0.61	0.61	0.02	0.37	4.27	0.08	4.25	-0.06
8.54	3.60	0.27	3.60	0.27	0.07	0.07	-8.09	-123.32	21.74	0.13	0.60	0.62	0.02	0.36	4.32	0.08	4.30	-0.06
8.55	3.62	0.27	3.62	0.27	0.07	0.07	-8.21	-123.32	22.08	0.13	0.60	0.62	0.02	0.36	4.38	0.08	4.36	-0.06
8.56	3.65	0.27	3.65	0.27	0.08	0.08	-8.33	-123.32	22.50	0.13	0.60	0.63	0.02	0.35	4.45	0.08	4.42	-0.05
8.57	3.67	0.28	3.67	0.28	0.08	0.08	-8.46	-123.32	23.01	0.13	0.59	0.63	0.02	0.35	4.51	0.08	4.49	-0.05
8.58	3.69	0.28	3.69	0.28	0.08	0.08	-8.58	-123.32	23.62	0.13	0.59	0.64	0.02	0.34	4.57	0.08	4.55	-0.05
8.59	3.71	0.29	3.71	0.29	0.08	0.08	-8.71	-123.32	24.34	0.14	0.58	0.64	0.02	0.34	4.64	0.08	4.62	-0.06
8.60	3.74	0.29	3.74	0.29	0.08	0.08	-8.85	-123.32	25.17	0.14	0.58	0.65	0.02	0.33	4.71	0.09	4.68	-0.06
8.61	3.76	0.29	3.76	0.29	0.08	0.08	-8.98	-123.32	26.14	0.14	0.57	0.65	0.02	0.33	4.78	0.09	4.75	-0.06
8.62	3.79	0.30	3.79	0.30	0.08	0.08	-9.12	-123.32	27.25	0.15	0.57	0.66	0.02	0.32	4.85	0.10	4.82	-0.06
8.63	3.81	0.30	3.81	0.30	0.08	0.08	-9.26	-123.32	28.53	0.15	0.56	0.66	0.02	0.32	4.93	0.11	4.89	-0.07
8.64	3.84	0.31	3.84	0.31	0.08	0.08	-9.41	-123.32	29.98	0.16	0.56	0.66	0.03	0.31	5.00	0.11	4.96	-0.07
8.65	3.86	0.31	3.86	0.31	0.08	0.08	-9.56	-123.32	31.64	0.17	0.55	0.67	0.03	0.30	5.08	0.12	5.03	-0.08
8.66	3.89	0.32	3.89	0.32	0.08	0.08	-9.71	-123.32	33.52	0.17	0.55	0.67	0.03	0.30	5.16	0.13	5.11	-0.08
8.67	3.91	0.32	3.91	0.32	0.08	0.08	-9.86	-123.32	35.65	0.18	0.54	0.67	0.03	0.29	5.24	0.14	5.19	-0.09
8.68	3.94	0.32	3.94	0.32	0.08	0.08	-10.02	-123.32	38.06	0.19	0.54	0.68	0.03	0.29	5.33	0.15	5.27	-0.09
8.69	3.97	0.33	3.97	0.33	0.08	0.08	-10.18	-123.32	40.78	0.19	0.53	0.68	0.04	0.28	5.42	0.16	5.35	-0.09
8.70	3.99	0.33	3.99	0.33	0.08	0.08	-10.35	-123.32	43.81	0.20	0.52	0.69	0.04	0.28	5.50	0.17	5.43	-0.10
8.71	4.02	0.34	4.02	0.34	0.08	0.08	-10.52	-123.32	47.18	0.20	0.52	0.69	0.04	0.27	5.60	0.18	5.51	-0.10
8.72	4.05	0.34	4.05	0.34	0.09	0.09	-10.69	-123.32	50.89	0.21	0.51	0.69	0.04	0.26	5.69	0.19	5.60	-0.11
8.73	4.08	0.35	4.08	0.35	0.09	0.09	-10.87	-123.32	54.90	0.21	0.51	0.70	0.05	0.26	5.78	0.20	5.69	-0.11
8.74	4.11	0.36	4.11	0.36	0.09	0.09	-11.05	-123.32	59.16	0.22	0.50	0.70	0.05	0.25	5.88	0.21	5.78	-0.11
8.75	4.14	0.36	4.14	0.36	0.09	0.09	-11.23	-123.32	63.55	0.22	0.50	0.70	0.05	0.25	5.98	0.22	5.87	-0.11
8.76	4.17	0.37	4.17	0.37	0.09	0.09	-11.43	-123.32	67.93	0.23	0.49	0.71	0.05	0.24	6.08	0.23	5.96	-0.11
8.77	4.20	0.37	4.20	0.37	0.09	0.09	-11.62	-123.32	72.06	0.23	0.48	0.71	0.05	0.23	6.18	0.23	6.06	-0.11
8.78	4.23	0.38	4.23	0.38	0.09	0.09	-11.82	-123.32	75.68	0.23	0.48	0.72	0.05	0.23	6.29	0.24	6.16	-0.11
8.79	4.26	0.38	4.26	0.38	0.09	0.09	-12.02	-123.32	78.52	0.23	0.47	0.72	0.05	0.22	6.39	0.24	6.26	-0.11
8.80	4.29	0.39	4.29	0.39	0.09	0.09	-12.23	-123.32	80.32	0.23	0.47	0.73	0.05	0.22	6.50	0.24	6.37	-0.11
8.81	4.32	0.40	4.32	0.40	0.09	0.09	-12.45	-123.32	80.92	0.23	0.46	0.73	0.05	0.21	6.61	0.24	6.47	-0.11
8.82	4.36	0.40	4.36	0.40	0.09	0.09	-12.67	-123.32	80.28	0.23	0.46	0.74	0.05	0.21	6.72	0.24	6.58	-0.10
8.83	4.39	0.41	4.39	0.41	0.09	0.09	-12.90	-123.32	78.49	0.23	0.45	0.74	0.05	0.20	6.83	0.24	6.70	-0.10
8.84	4.42	0.42	4.42	0.42	0.09	0.09	-13.13	-123.32	75.75	0.23	0.44	0.75	0.05	0.20	6.95	0.24	6.81	-0.10
8.85	4.46	0.42	4.46	0.42	0.10	0.10	-13.37	-123.32	72.35	0.23	0.44	0.76	0.05	0.19	7.07	0.23	6.93	-0.09
8.86	4.49	0.43	4.49	0.43	0.10	0.10	-13.61	-123.32	68.54	0.22	0.43	0.76	0.05	0.19	7.19	0.22	7.05	-0.09
8.87	4.53	0.44	4.53	0.44	0.10	0.10	-13.86	-123.32	64.60	0.22	0.43	0.77	0.05	0.18	7.31	0.22	7.17	-0.08
8.88	4.56	0.45	4.56	0.45	0.10	0.10	-14.12	-123.32	60.71	0.22	0.42	0.78	0.05	0.18	7.44	0.21	7.30	-0.08
8.89	4.60	0.45	4.60	0.45	0.10	0.10	-14.38	-123.32	57.02	0.21	0.42	0.78	0.05	0.17	7.56	0.20	7.43	-0.07
8.90	4.64	0.46	4.64	0.46	0.10	0.10	-14.65	-123.32	53.63	0.21	0.41	0.79	0.04	0.17	7.69	0.19	7.57	-0.07
8.91	4.68	0.47	4.68	0.47	0.10	0.10	-14.93	-123.32	50.58	0.20	0.40	0.80	0.04	0.16	7.83	0.18	7.71	-0.06
8.92	4.72	0.48	4.72	0.48	0.10	0.10	-15.22	-123.32	47.90	0.20	0.40	0.80	0.04	0.16	7.97	0.17	7.85	-0.06
8.93	4.76	0.49	4.76	0.49	0.10	0.10	-15.51	-123.32	45.59	0.19	0.39	0.81	0.04	0.15	8.11	0.16	8.00	-0.05
8.94	4.80	0.50	4.80	0.50	0.10	0.10	-15.81	-123.32	43.64	0.19	0.38	0.82	0.03	0.15	8.25	0.15	8.15	-0.05
8.95	4.84	0.51	4.84	0.51	0.10	0.10	-16.12	-123.32	42.04	0.18	0.38	0.82	0.03	0.14	8.40	0.14	8.30	-0.04
8.96	4.88	0.52	4.88	0.52	0.11	0.11	-16.44	-123.32	40.78	0.18	0.37	0.83	0.03	0.14	8.56	0.14	8.46	-0.04
8.97	4.92	0.53	4.92	0.53	0.11	0.11	-16.77	-123.32	39.84	0.17	0.37	0.84	0.03	0.13	8.72	0.13	8.62	-0.03
8.98	4.96	0.54	4.96	0.54	0.11	0.11	-17.11	-123.32	39.20	0.17	0.36	0.84	0.03	0.13	8.88	0.12	8.79	-0.03
8.99	5.01	0.55	5.01	0.55	0.11	0.11	-17.46	-123.32	38.86	0.16	0.35	0.85	0.03	0.12	9.05	0.12	8.97	-0.03
9.00	5.05	0.56	5.05	0.56	0.11	0.11	-17.81	-123.32	38.80	0.16	0.34	0.86	0.03	0.12	9.23	0.12	9.14	-0.03
9.01	5.10	0.57	5.10	0.57	0.11	0.11	-18.18	-123.32	39.03	0.16	0.34	0.86	0.03	0.11	9.42	0.11	9.33	-0.03
9.02	5.15	0.58	5.15	0.58	0.11	0.11	-18.56	-123.32	39.54	0.16	0.33	0.87	0.03	0.11	9.61	0.11	9.52	-0.03
9.03	5.19	0.59	5.19	0.59	0.11	0.11	-18.95	-123.32	40.32	0.16	0.32	0.87	0.03	0.10	9.80	0.12	9.71	-0.02
9.04	5.24	0.60	5.24	0.60	0.11	0.11	-19.36	-123.32	41.36	0.16	0.32	0.87	0.03	0.10	10.01	0.12	9.91	-0.02
9.05	5.29	0.61	5.29	0.61	0.12	0.12	-19.77	-123.32	42.66	0.17	0.31	0.88	0.03	0.09	10.22	0.12	10.12	-0.02
9.06	5.34	0.63	5.34	0.63	0.12	0.12	-20.20	-123.32	44.19	0.17	0.30	0.88	0.03	0.09	10.43	0.12	10.33	-0.02
9.07	5.39	0.64	5.39	0.64	0.12	0.12	-20.64	-123.32	45.91	0.17	0.29	0.89	0.03	0.09	10.66	0.13	10.55	-0.02
9.08	5.44	0.65	5.44	0.65	0.12	0.12	-21.10	-123.32	47.77	0.17	0.28	0.89	0.03	0.08	10.89	0.13	10.78	-0.02
9.09	5.50	0.67	5.50	0.67	0.12	0.12	-21.57	-123.32	49.69	0.18	0.28	0.89	0.03	0.08	11.13	0.14	11.02	-0.02
9.10	5.55	0.68	5.55	0.68	0.12	0.12	-22.05	-123.32	51.55	0.18	0.27	0.90	0.03	0.07	11.38	0.14	11.26	-0.02
9.11	5.61	0.70	5.61	0.70	0.12	0.12	-22.55	-123.32	53.25	0.18	0.26	0.90	0.03	0.07	11.63	0.15	11.51	-0.02
9.12	5.66	0.71	5.66	0.71	0.13	0.13	-23.07	-123.32	54.64	0.18	0.25	0.90	0.03	0.06	11.89	0.15	11.77	-0.02
9.13	5.72	0.73	5.72	0.73	0.13	0.13	-23.61	-123.32	55.63	0.18	0.25	0.91	0.03	0.06	12.16	0.15	12.03	-0.02
9.14	5.78	0.74	5.78	0.74	0.13	0.13	-24.16	-123.32	56.13	0.18	0.24	0.91	0.03	0.06	12.44	0.15	12.31	-0.02
9.15	5.84	0.76	5.84	0.76	0.13	0.13	-24.73	-123.32	56.12	0.18	0.23	0.91	0.03	0.05	12.73	0.15	12.59	-0.02
9.16	5.90	0.78	5.90	0.78	0.13	0.13	-25.33	-123.32	55.64	0.18	0.22	0.92	0.03	0.05	13.02	0.15	12.89	-0.02
9.17	5.97	0.80	5.97	0.80	0.13	0.13	-25.94	-123.32	54.78	0.18	0.22	0.92	0.03	0.05	13.33	0.15	13.20	-0.01
9.18	6.03	0.81	6.03	0.81	0.13	0.13	-26.57	-123.32	53.66	0.18	0.21	0.92	0.03	0.04	13.64	0.14	13.51	-0.01
9.19	6.10	0.83	6.10	0.83	0.14	0.14	-27.23	-123.32	52.42	0.18	0.20	0.93	0.03	0.04	13.97	0.14	13.84	-0.01
9.20	6.17	0.85	6.17	0.85	0.14	0.14	-27.91	-123.32	51.17	0.18	0.19	0.93	0.03	0.04	14.30	0.14	14.18	-0.01
9.21	6.24	0.87	6.24	0.87	0.14	0.14	-28.62	-123.32	50.03	0.17	0.18	0.94	0.03	0.03	14.65	0.13	14.53	-0.01
9.22	6.31	0.89	6.31	0.89	0.14	0.14	-29.35	-123.32	49.06	0.17	0.18	0.94	0.03	0.03	15.02	0.13	14.90	-0.01
9.23	6.38	0.92	6.38	0.92	0.14	0.14	-30.11	-123.32	48.33	0.17	0.17	0.94	0.03	0.03	15.39	0.13	15.27	-0.01
9.24	6.45	0.94	6.45	0.94	0.15	0.15	-30.89	-123.32	47.86	0.17	0.16	0.95	0.03	0.03	15.79	0.12	15.67	-0.01
9.25	6.53	0.96	6.53	0.96	0.15	0.15	-31.71	-123.32	47.66	0.17	0.15	0.95	0.03	0.02	16.19	0.12	16.08	-0.01
9.26	6.61	0.99	6.61	0.99	0.15	0.15	-32.56	-123.32	47.71	0.17	0.15	0.95	0.03	0.02	16.62	0.12	16.50	-0.01
9.27	6.69	1.01	6.69	1.01	0.15	0.15	-33.44	-123.32	47.98	0.17	0.14	0.95	0.03	0.02	17.06	0.12	16.94	-0.00
9.28	6.77	1.04	6.77	1.04	0.15	0.15	-34.36	-123.32	48.42	0.17	0.13	0.95	0.03	0.02	17.52	0.12	17.40	-0.00
9.29	6.85	1.07	6.85	1.07	0.16	0.16	-35.32	-123.32	48.97	0.17	0.13	0.96	0.03	0.02	17.99	0.12	17.87	-0.00
9.30	6.94	1.10	6.94	1.10	0.16	0.16	-36.31	-123.32	49.55	0.17	0.12	0.96	0.03	0.01	18.49	0.12	18.37	-0.00
9.31	7.03	1.13	7.03	1.13	0.16	0.16	-37.34	-123.32	50.09	0.17	0.11	0.96	0.03	0.01	19.01	0.12	18.89	-0.00
9.32	7.12	1.16	7.12	1.16	0.16	0.16	-38.42	-123.32	50.52	0.17	0.11	0.96	0.03	0.01	19.55	0.12	19.42	-0.00
9.33	7.21	1.19	7.21	1.19	0.17	0.17	-39.54	-123.32	50.78	0.17	0.10	0.96	0.03	0.01	20.11	0.12	19.99	-0.00
9.34	7.30	1.23	7.30	1.23	0.17	0.17	-40.71	-123.32	50.88	0.17	0.09	0.96	0.03	0.01	20.69	0.12	20.57	-0.00
9.35	7.40	1.26	7.40	1.26	0.17	0.17	-41.93	-123.32	50.81	0.17	0.09	0.96	0.03	0.01	21.30	0.12	21.18	-0.00
9.36	7.50	1.30	7.50	1.30	0.17	0.17	-43.21	-123.32	50.62	0.17	0.08	0.97	0.03	0.01	21.94	0.12	21.82	-0.00
9.37	7.60	1.34	7.60	1.34	0.18	0.18	-44.54	-123.32	50.36	0.17	0.07	0.97	0.03	0.01	22.60	0.12	22.48	-0.00
9.38	7.71	1.38	7.71	1.38	0.18	0.18	-45.93	-123.32	50.11	0.16	0.07	0.97	0.03	0.00	23.30	0.12	23.18	-0.00
9.39	7.82	1.42	7.82	1.42	0.18	0.18	-47.39	-123.32	49.90	0.16	0.06	0.97	0.03	0.00	24.02	0.12	23.91	-0.00
9.40	7.93	1.46	7.93	1.46	0.18	0.18	-48.91	-123.32	49.77	0.16	0.06	0.97	0.03	0.00	24.78	0.12	24.67	-0.00
9.41	8.05	1.51	8.05	1.51	0.19	0.19	-50.51	-123.32	49.73	0.16	0.05	0.97	0.03	0.00	25.58	0.12	25.46	-0.00
9.42	8.17	1.56	8.17	1.56	0.19	0.19	-52.18	-123.32	49.76	0.16	0.05	0.97	0.03	0.00	26.42	0.12	26.30	-0.00
9.43	8.29	1.61	8.29	1.61	0.19	0.19	-53.94	-123.32	49.83	0.16	0.04	0.97	0.03	0.00	27.29	0.12	27.18	-0.00
9.44	8.41	1.66	8.41	1.66	0.20	0.20	-55.78	-123.32	49.93	0.16	0.04	0.97	0.03	0.00	28.21	0.12	28.10	-0.00
9.45	8.54	1.72	8.54	1.72	0.20	0.20	-57.71	-123.32	50.01	0.16	0.03	0.97	0.03	0.00	29.18	0.11	29.06	-0.00
9.46	8.68	1.78	8.68	1.78	0.20	0.20	-59.74	-123.32	50.06	0.16	0.03	0.97	0.03	0.00	30.19	0.11	30.08	-0.00
9.47	8.82	1.84	8.82	1.84	0.21	0.21	-61.88	-123.32	50.08	0.16	0.03	0.97	0.03	0.00	31.26	0.11	31.15	-0.00
9.48	8.96	1.90	8.96	1.90	0.21	0.21	-64.13	-123.32	50.06	0.16	0.02	0.97	0.03	0.00	32.38	0.11	32.27	-0.00
9.49	9.10	1.97	9.10	1.97	0.22	0.22	-66.50	-123.32	50.03	0.16	0.02	0.97	0.03	0.00	33.57	0.11	33.45	-0.00
9.50	9.26	2.04	9.26	2.04	0.22	0.22	-69.00	-123.32	50.00	0.16	0.02	0.97	0.03	0.00	34.81	0.11	34.70	-0.00
9.51	9.41	2.12	9.41	2.12	0.22	0.22	-71.63	-123.32	49.99	0.16	0.02	0.97	0.03	0.00	36.13	0.11	36.02	-0.00
9.52	9.57	2.20	9.57	2.20	0.23	0.23	-74.42	-123.32	49.98	0.16	0.01	0.97	0.03	0.00	37.52	0.11	37.41	-0.00
9.53	9.74	2.28	9.74	2.28	0.23	0.23	-77.36	-123.32	49.99	0.16	0.01	0.97	0.02	0.00	38.99	0.11	38.88	-0.00
9.54	9.91	2.37	9.91	2.37	0.24	0.24	-80.47	-123.32	50.00	0.16	0.01	0.98	0.02	0.00	40.55	0.11	40.44	-0.00
9.55	10.09	2.47	10.09	2.47	0.24	0.24	-83.77	-123.32	50.00	0.16	0.01	0.98	0.02	0.00	42.19	0.11	42.09	-0.00
9.56	10.28	2.57	10.28	2.57	0.25	0.25	-87.27	-123.32	50.00	0.16	0.01	0.98	0.02	0.00	43.94	0.11	43.83	-0.00
9.57	10.47	2.67	10.47	2.67	0.26	0.26	-90.98	-123.32	50.00	0.16	0.01	0.98	0.02	0.00	45.80	0.11	45.69	-0.00
9.58	10.67	2.79	10.67	2.79	0.26	0.26	-94.92	-123.32	50.00	0.16	0.00	0.98	0.02	0.00	47.77	0.11	47.66	-0.00
9.59	10.87	2.91	10.87	2.91	0.27	0.27	-99.12	-123.32	50.00	0.16	0.00	0.98	0.02	0.00	49.86	0.11	49.76	-0.00
9.60	11.08	3.03	11.08	3.03	0.27	0.27	-103.58	-123.32	50.00	0.16	0.00	0.98	0.02	0.00	52.10	0.11	51.99	-0.00
9.61	11.31	3.17	11.31	3.17	0.28	0.28	-108.34	-123.32	50.00	0.15	0.00	0.98	0.02	0.00	54.47	0.11	54.37	-0.00
9.62	11.53	3.31	11.53	3.31	0.29	0.29	-113.43	-123.32	50.00	0.15	0.00	0.98	0.02	0.00	57.02	0.10	56.91	-0.00
9.63	11.77	3.47	11.77	3.47	0.29	0.29	-118.86	-123.32	50.00	0.15	0.00	0.98	0.02	0.00	59.73	0.10	59.63	-0.00
9.64	12.02	3.64	12.02	3.64	0.30	0.30	-124.67	-123.32	50.00	0.15	0.00	0.98	0.02	0.00	62.64	0.10	62.53	-0.00
9.65	12.27	3.81	12.27	3.81	0.31	0.31	-130.90	-123.32	50.00	0.15	0.00	0.98	0.02	0.00	65.75	0.10	65.65	-0.00
9.66	12.54	4.00	12.54	4.00	0.32	0.32	-137.58	-123.32	50.00	0.15	0.00	0.98	0.02	0.00	69.09	0.10	68.99	-0.00
9.67	12.81	4.21	12.81	4.21	0.33	0.33	-144.76	-123.32	50.00	0.15	0.00	0.98	0.02	0.00	72.68	0.10	72.58	-0.00
9.68	13.10	4.43	13.10	4.43	0.34	0.34	-152.49	-123.32	50.00	0.15	0.00	0.98	0.02	0.00	76.54	0.10	76.44	-0.00
9.69	13.40	4.67	13.40	4.67	0.35	0.35	-160.82	-123.32	50.00	0.15	0.00	0.98	0.02	0.00	80.70	0.10	80.60	-0.00
9.70	13.71	4.92	13.71	4.92	0.36	0.36	-169.81	-123.32	50.00	0.15	0.00	0.98	0.02	0.00	85.20	0.10	85.10	-0.00
9.71	14.03	5.20	14.03	5.20	0.37	0.37	-179.52	-123.32	50.00	0.15	0.00	0.98	0.02	0.00	90.05	0.10	89.95	-0.00
9.72	14.36	5.50	14.36	5.50	0.38	0.38	-190.05	-123.32	50.00	0.15	0.00	0.98	0.02	0.00	95.31	0.10	95.21	-0.00
9.73	14.70	5.82	14.70	5.82	0.40	0.40	-201.46	-123.32	50.00	0.15	0.00	0.98	0.02	0.00	101.02	0.10	100.92	-0.00
9.74	15.06	6.17	15.06	6.17	0.41	0.41	-213.85	-123.32	50.00	0.15	0.00	0.98	0.02	0.00	107.21	0.10	107.12	-0.00
9.75	15.43	6.56	15.43	6.56	0.42	0.42	-227.34	-123.32	50.00	0.15	0.00	0.98	0.02	0.00	113.96	0.10	113.86	-0.00
9.76	15.81	6.97	15.81	6.97	0.44	0.44	-242.04	-123.32	50.00	0.15	0.00	0.98	0.02	0.00	121.31	0.10	121.21	-0.00
9.77	16.20	7.43	16.20	7.43	0.46	0.46	-258.10	-123.32	50.00	0.15	0.00	0.98	0.02	0.00	129.34	0.10	129.24	-0.00
9.78	16.61	7.92	16.61	7.92	0.48	0.48	-275.65	-123.32	50.00	0.15	0.00	0.98	0.02	0.00	138.12	0.10	138.02	-0.00
9.79	17.03	8.47	17.03	8.47	0.50	0.50	-294.80	-123.32	50.00	0.15	0.00	0.98	0.02	0.00	147.73	0.10	147.64	0.00
9.80	17.45	9.07	17.45	9.07	0.52	0.52	-316.83	-123.32	50.00	0.15	0.00	0.98	0.02	0.00	158.29	0.10	158.20	0.00
9.81	17.88	9.72	17.88	9.72	0.54	0.54	-346.96	-123.32	50.00	0.15	0.00	0.98	0.02	0.00	169.90	0.09	169.80	0.00
9.82	18.32	10.44	18.32	10.44	0.57	0.57	-364.90	-123.32	50.00	0.15	0.00	0.98	0.02	0.00	182.67	0.09	182.57	0.00
9.83	18.75	11.24	18.75	11.24	0.60	0.60	-414.68	-123.32	50.00	0.15	0.00	0.98	0.02	0.00	196.75	0.09	196.65	0.00
9.84	19.18	12.11	19.18	12.11	0.63	0.63	-424.44	-123.32	50.00	0.15	0.00	0.98	0.02	0.00	212.28	0.09	212.18	0.00
9.85	19.60	13.08	19.60	13.08	0.67	0.67	-336.09	-123.32	50.00	0.15	0.00	0.98	0.02	0.00	229.42	0.09	229.33	0.00
9.86	19.99	14.15	19.99	14.15	0.71	0.71	-497.87	-123.32	50.00	0.15	0.00	0.98	0.02	0.00	248.36	0.09	248.27	0.00
9.87	20.35	15.32	20.35	15.32	0.75	0.75	-543.28	-123.32	50.00	0.14	0.00	0.98	0.02	0.00	269.27	0.09	269.18	0.00
9.88	20.66	16.62	20.66	16.62	0.80	0.80	-584.67	-123.32	50.00	0.14	0.00	0.98	0.02	0.00	292.34	0.09	292.25	0.00
9.89	20.91	18.05	20.91	18.05	0.86	0.86	-651.42	-123.32	50.00	0.14	0.00	0.98	0.02	0.00	317.74	0.09	317.65	0.00
9.90	21.06	19.61	21.06	19.61	0.93	0.93	-696.35	-123.32	50.00	0.14	0.00	0.98	0.02	0.00	345.63	0.09	345.54	0.00
9.91	21.09	21.32	21.09	21.32	1.01	1.01	-754.91	-123.32	50.00	0.14	0.00	0.98	0.02	0.00	376.11	0.09	376.02	0.00
9.92	20.96	23.18	20.96	23.18	1.11	1.11	-827.52	-123.32	50.00	0.14	0.00	0.98	0.02	0.00	409.21	0.09	409.12	0.00
9.93	20.64	25.17	20.64	25.17	1.22	1.22	-891.27	-123.32	50.00	0.14	0.00	0.98	0.02	0.00	444.82	0.09	444.73	0.00
9.94	20.07	27.29	20.07	27.29	1.36	1.36	-997.64	-123.32	50.00	0.14	0.00	0.98	0.02	0.00	482.68	0.09	482.60	0.00
9.95	19.21	29.50	19.21	29.50	1.54	1.54	-1055.80	-123.32	50.00	0.14	0.00	0.98	0.02	0.00	522.28	0.09	522.20	0.00
9.96	18.01	31.76	18.01	31.76	1.76	1.76	-1125.72	-123.32	50.00	0.14	0.00	0.98	0.02	0.00	562.81	0.09	562.72	0.00
9.97	16.42	34.00	16.42	34.00	2.07	2.07	-1206.86	-123.32	50.00	0.14	0.00	0.98	0.02	0.00	603.10	0.09	603.01	0.00
9.98	14.41	36.13	14.41	36.13	2.51	2.51	-1285.76	-123.32	50.00	0.14	0.00	0.98	0.02	0.00	641.64	0.09	641.55	0.00
9.99	11.99	38.07	11.99	38.07	3.18	3.18	-1353.22	-123.32	50.00	0.14	0.00	0.98	0.02	0.00	676.61	0.09	676.52	0.00
10.00	9.17	39.68	9.17	39.68	4.33	4.33	-1427.72	-123.32	50.00	0.14	0.00	0.98	0.02	0.00	706.01	0.09	705.92	0.00
10.01	6.02	40.87	6.02	40.87	6.79	6.79	-345.49	-123.32	50.00	0.14	0.00	0.98	0.02	0.00	727.90	0.09	727.81	0.00
10.02	2.64	41.55	2.64	41.55	15.74	15.74	-351.50	-123.32	50.00	0.14	0.00	0.98	0.02	0.00	740.69	0.08	740.60	0.00
10.03	-0.84	41.66	-0.84	41.66	-49.81	-49.81	-1496.99	-123.32	50.00	0.14	0.00	0.98	0.02	0.00	743.37	0.08	743.29	0.00
10.04	-4.27	41.19	-4.27	41.19	-9.65	-9.65	-1471.35	-123.32	50.00	0.14	0.00	0.98	0.02	0.00	735.78	0.08	735.69	0.00
10.05	-7.52	40.19	-7.52	40.19	-5.35	-5.35	-1443.32	-123.32	50.00	0.14	0.00	0.98	0.02	0.00	718.54	0.08	718.45	0.00
10.06	-10.47	38.72	-10.47	38.72	-3.70	-3.70	-1388.02	-123.32	50.00	0.14	0.00	0.98	0.02	0.00	693.00	0.08	692.92	0.00
10.07	-13.05	36.89	-13.05	36.89	-2.83	-2.83	-1329.47	-123.32	50.00	0.14	0.00	0.98	0.02	0.00	661.00	0.08	660.91	0.00
10.08	-15.21	34.82	-15.21	34.82	-2.29	-2.29	-1279.49	-123.32	50.00	0.14	0.00	0.98	0.02	0.00	624.49	0.08	624.41	0.00
10.09	-16.96	32.61	-16.96	32.61	-1.92	-1.92	-1172.06	-123.32	50.00	0.14	0.00	0.98	0.02	0.00	585.41	0.08	585.32	0.00
10.10	-18.30	30.35	-18.30	30.35	-1.66	-1.66	-1100.73	-123.32	50.00	0.14	0.00	0.98	0.02	0.00	545.38	0.08	545.30	0.00
10.11	-19.29	28.11	-19.29	28.11	-1.46	-1.46	-1011.26	-123.32	50.00	0.14	0.00	0.98	0.02	0.00	505.74	0.08	505.66	0.00
10.12	-19.96	25.96	-19.96	25.96	-1.30	-1.30	-935.67	-123.32	50.00	0.14	0.00	0.98	0.02	0.00	467.43	0.08	467.35	0.00
10.13	-20.37	23.91	-20.37	23.91	-1.17	-1.17	-871.62	-123.32	50.00	0.14	0.00	0.98	0.02	0.00	431.10	0.08	431.02	0.00
10.14	-20.56	22.01	-20.56	22.01	-1.07	-1.07	-799.09	-123.32	50.00	0.13	0.00	0.98	0.02	0.00	397.11	0.08	397.03	0.00
10.15	-20.59	20.24	-20.59	20.24	-0.98	-0.98	-734.11	-123.32	50.00	0.13	0.00	0.98	0.02	0.00	365.65	0.08	365.57	0.00
10.16	-20.48	18.62	-20.48	18.62	-0.91	-0.91	-681.60	-123.32	50.00	0.13	0.00	0.98	0.02	0.00	336.75	0.08	336.67	0.00
10.17	-20.27	17.14	-20.27	17.14	-0.85	-0.85	-627.99	-123.32	50.00	0.13	0.00	0.98	0.02	0.00	310.33	0.08	310.26	0.00
10.18	-19.98	15.80	-19.98	15.80	-0.79	-0.79	-572.07	-123.32	50.00	0.13	0.00	0.98	0.02	0.00	286.28	0.08	286.20	0.00
10.19	-19.63	14.58	-19.63	14.58	-0.74	-0.74	-540.56	-123.32	50.00	0.13	0.00	0.98	0.02	0.00	264.43	0.08	264.35	0.00
10.20	-19.25	13.47	-19.25	13.47	-0.70	-0.70	-489.11	-123.32	50.00	0.13	0.00	0.98	0.02	0.00	244.60	0.08	244.53	0.00
10.21	-18.84	12.47	-18.84	12.47	-0.66	-0.66	-465.37	-123.32	50.00	0.13	0.00	0.98	0.02	0.00	226.63	0.08	226.55	0.00
10.22	-18.42	11.56	-18.42	11.56	-0.63	-0.63	-420.21	-123.32	50.00	0.13	0.00	0.98	0.02	0.00	210.33	0.08	210.25	0.00
10.23	-17.98	10.73	-17.98	10.73	-0.60	-0.60	-414.51	-123.32	50.00	0.13	0.00	0.98	0.02	0.00	195.53	0.08	195.46	0.00
10.24	-17.55	9.99	-17.55	9.99	-0.57	-0.57	-363.97	-123.32	50.00	0.13	0.00	0.98	0.02	0.00	182.10	0.08	182.02	0.00
10.25	-17.11	9.31	-17.11	9.31	-0.54	-0.54	-347.09	-123.32	50.00	0.13	0.00	0.98	0.02	0.00	169.88	0.07	169.81	0.00
10.26	-16.69	8.69	-16.69	8.69	-0.52	-0.52	-317.21	-123.32	50.00	0.13	0.00	0.98	0.02	0.00	158.76	0.07	158.69	0.00
10.27	-16.27	8.12	-16.27	8.12	-0.50	-0.50	-296.65	-123.32	50.00	0.13	0.00	0.98	0.02	0.00	148.62	0.07	148.55	0.00
10.28	-15.86	7.61	-15.86	7.61	-0.48	-0.48	-278.29	-123.32	50.00	0.13	0.00	0.98	0.02	0.00	139.36	0.07	139.28	-0.00
10.29	-15.46	7.14	-15.46	7.14	-0.46	-0.46	-261.30	-123.32	50.00	0.13	0.00	0.98	0.02	0.00	130.89	0.07	130.81	-0.00
10.30	-15.07	6.71	-15.07	6.71	-0.45	-0.45	-245.77	-123.32	50.00	0.13	0.00	0.98	0.02	0.00	123.12	0.07	123.05	-0.00
10.31	-14.70	6.31	-14.70	6.31	-0.43	-0.43	-231.52	-123.32	50.00	0.13	0.00	0.98	0.02	0.00	116.00	0.07	115.92	-0.00
10.32	-14.34	5.95	-14.34	5.95	-0.41	-0.41	-218.42	-123.32	50.00	0.13	0.00	0.98	0.02	0.00	109.44	0.07	109.37	-0.00
10.33	-13.99	5.62	-13.99	5.62	-0.40	-0.40	-206.35	-123.32	50.00	0.13	0.00	0.98	0.02	0.00	103.41	0.07	103.34	-0.00
10.34	-13.65	5.31	-13.65	5.31	-0.39	-0.39	-195.22	-123.32	50.00	0.13	0.00	0.98	0.02	0.00	97.84	0.07	97.77	-0.00
10.35	-13.33	5.02	-13.33	5.02	-0.38	-0.38	-184.93	-123.32	50.00	0.13	0.00	0.98	0.02	0.00	92.70	0.07	92.63	-0.00
10.36	-13.02	4.76	-13.02	4.76	-0.37	-0.37	-175.41	-123.32	50.00	0.13	0.00	0.98	0.02	0.00	87.94	0.07	87.87	-0.00
10.37	-12.71	4.52	-12.71	4.52	-0.36	-0.36	-166.58	-123.32	50.00	0.13	0.00	0.98	0.02	0.00	83.52	0.07	83.45	-0.00
10.38	-12.42	4.29	-12.42	4.29	-0.35	-0.35	-158.39	-123.32	50.00	0.13	0.00	0.98	0.02	0.00	79.43	0.07	79.36	-0.00
10.39	-12.14	4.08	-12.14	4.08	-0.34	-0.34	-150.77	-123.32	50.00	0.13	0.00	0.98	0.02	0.00	75.62	0.07	75.55	-0.00
10.40	-11.88	3.88	-11.88	3.88	-0.33	-0.33	-143.68	-123.32	50.00	0.13	0.00	0.98	0.02	0.00	72.07	0.07	72.00	-0.00
10.41	-11.62	3.70	-11.62	3.70	-0.32	-0.32	-137.06	-123.32	50.00	0.13	0.00	0.98	0.02	0.00	68.76	0.07	68.69	-0.00
10.42	-11.37	3.53	-11.37	3.53	-0.31	-0.31	-130.88	-123.32	50.00	0.12	0.00	0.98	0.02	0.00	65.67	0.07	65.60	-0.00
10.43	-11.13	3.37	-11.13	3.37	-0.30	-0.30	-125.11	-123.32	50.00	0.12	0.00	0.98	0.02	0.00	62.78	0.07	62.71	-0.00
10.44	-10.89	3.22	-10.89	3.22	-0.30	-0.30	-119.70	-123.32	50.00	0.12	0.00	0.98	0.02	0.00	60.08	0.07	60.01	-0.00
10.45	-10.67	3.08	-10.67	3.08	-0.29	-0.29	-114.63	-123.32	50.00	0.12	0.00	0.98	0.02	0.00	57.54	0.07	57.47	-0.00
10.46	-10.45	2.95	-10.45	2.95	-0.28	-0.28	-109.87	-123.32	50.00	0.12	0.00	0.98	0.02	0.00	55.16	0.07	55.09	-0.00
10.47	-10.25	2.83	-10.25	2.83	-0.28	-0.28	-105.40	-123.32	50.00	0.12	0.00	0.98	0.02	0.00	52.92	0.07	52.86	-0.00
10.48	-10.04	2.71	-10.04	2.71	-0.27	-0.27	-101.19	-123.32	50.00	0.12	0.00	0.98	0.02	0.00	50.82	0.07	50.75	-0.00
10.49	-9.85	2.61	-9.85	2.61	-0.26	-0.26	-97.23	-123.32	50.00	0.12	0.00	0.98	0.02	0.00	48.84	0.07	48.77	-0.00
10.50	-9.66	2.50	-9.66	2.50	-0.26	-0.26	-93.49	-123.32	50.00	0.12	0.00	0.99	0.01	0.00	46.97	0.07	46.90	-0.00
10.51	-9.48	2.41	-9.48	2.41	-0.25	-0.25	-89.97	-123.32	50.00	0.12	0.01	0.99	0.01	0.00	45.21	0.07	45.14	-0.00
10.52	-9.31	2.32	-9.31	2.32	-0.25	-0.25	-86.64	-123.32	50.00	0.12	0.01	0.99	0.01	0.00	43.54	0.06	43.48	-0.00
10.53	-9.14	2.23	-9.14	2.23	-0.24	-0.24	-83.49	-123.32	50.00	0.12	0.01	0.99	0.01	0.00	41.96	0.06	41.90	-0.00
10.54	-8.97	2.15	-8.97	2.15	-0.24	-0.24	-80.51	-123.32	50.00	0.12	0.01	0.99	0.01	0.00	40.47	0.06	40.41	-0.00
10.55	-8.82	2.07	-8.82	2.07	-0.23	-0.23	-77.68	-123.32	49.99	0.12	0.01	0.99	0.01	0.00	39.06	0.06	39.00	-0.00
10.56	-8.66	2.00	-8.66	2.00	-0.23	-0.23	-75.00	-123.32	49.98	0.12	0.01	0.99	0.01	0.00	37.72	0.06	37.66	-0.00
10.57	-8.51	1.93	-8.51	1.93	-0.23	-0.23	-72.46	-123.32	49.98	0.12	0.02	0.99	0.01	0.00	36.45	0.06	36.38	-0.00
10.58	-8.37	1.86	-8.37	1.86	-0.22	-0.22	-70.04	-123.32	50.00	0.12	0.02	0.99	0.01	0.00	35.24	0.06	35.18	-0.00
10.59	-8.23	1.80	-8.23	1.80	-0.22	-0.22	-67.75	-123.32	50.02	0.12	0.02	0.99	0.01	0.00	34.09	0.06	34.03	-0.00
10.60	-8.10	1.74	-8.10	1.74	-0.21	-0.21	-65.56	-123.32	50.04	0.12	0.02	0.99	0.01	0.00	33.00	0.06	32.93	-0.00
10.61	-7.96	1.68	-7.96	1.68	-0.21	-0.21	-63.48	-123.32	50.07	0.12	0.03	0.99	0.01	0.00	31.95	0.06	31.89	-0.00
10.62	-7.84	1.63	-7.84	1.63	-0.21	-0.21	-61.50	-123.32	50.08	0.12	0.03	0.99	0.01	0.00	30.96	0.06	30.90	-0.00
10.63	-7.71	1.58	-7.71	1.58	-0.20	-0.20	-59.60	-123.32	50.06	0.12	0.03	0.99	0.01	0.00	30.02	0.06	29.95	-0.00
10.64	-7.59	1.53	-7.59	1.53	-0.20	-0.20	-57.80	-123.32	50.01	0.12	0.04	0.98	0.01	0.00	29.11	0.06	29.05	-0.00
10.65	-7.48	1.48	-7.48	1.48	-0.20	-0.20	-56.08	-123.32	49.94	0.12	0.04	0.98	0.01	0.00	28.25	0.06	28.19	-0.00
10.66	-7.36	1.44	-7.36	1.44	-0.19	-0.19	-54.43	-123.32	49.86	0.12	0.04	0.98	0.01	0.00	27.43	0.06	27.37	-0.00
10.67	-7.25	1.39	-7.25	1.39	-0.19	-0.19	-52.85	-123.32	49.78	0.12	0.05	0.98	0.01	0.00	26.64	0.06	26.58	-0.00
10.68	-7.15	1.35	-7.15	1.35	-0.19	-0.19	-51.35	-123.32	49.73	0.12	0.05	0.98	0.01	0.00	25.88	0.06	25.82	-0.00
10.69	-7.04	1.31	-7.04	1.31	-0.19	-0.19	-49.90	-123.32	49.73	0.12	0.06	0.98	0.01	0.00	25.16	0.06	25.10	-0.00
10.70	-6.94	1.27	-6.94	1.27	-0.18	-0.18	-48.52	-123.32	49.80	0.12	0.06	0.98	0.01	0.00	24.47	0.06	24.41	-0.00
10.71	-6.84	1.24	-6.84	1.24	-0.18	-0.18	-47.19	-123.32	49.93	0.12	0.06	0.98	0.01	0.00	23.80	0.06	23.75	-0.00
10.72	-6.75	1.20	-6.75	1.20	-0.18	-0.18	-45.92	-123.32	50.11	0.12	0.07	0.98	0.01	0.00	23.17	0.06	23.11	-0.00
10.73	-6.65	1.17	-6.65	1.17	-0.18	-0.18	-44.70	-123.32	50.33	0.12	0.07	0.98	0.01	0.01	22.56	0.06	22.50	-0.00
10.74	-6.56	1.14	-6.56	1.14	-0.17	-0.17	-43.53	-123.32	50.56	0.11	0.08	0.98	0.01	0.01	21.97	0.06	21.91	-0.00
10.75	-6.47	1.11	-6.47	1.11	-0.17	-0.17	-42.40	-123.32	50.75	0.11	0.09	0.98	0.01	0.01	21.41	0.06	21.35	-0.00
10.76	-6.39	1.08	-6.39	1.08	-0.17	-0.17	-41.32	-123.32	50.86	0.11	0.09	0.98	0.01	0.01	20.87	0.06	20.81	-0.00
10.77	-6.30	1.05	-6.30	1.05	-0.17	-0.17	-40.28	-123.32	50.86	0.11	0.10	0.98	0.01	0.01	20.35	0.06	20.29	-0.00
10.78	-6.22	1.02	-6.22	1.02	-0.16	-0.16	-39.28	-123.32	50.74	0.11	0.10	0.98	0.01	0.01	19.84	0.06	19.79	-0.00
10.79	-6.14	1.00	-6.14	1.00	-0.16	-0.16	-38.32	-123.32	50.48	0.11	0.11	0.98	0.01	0.01	19.36	0.06	19.31	-0.00
10.80	-6.06	0.97	-6.06	0.97	-0.16	-0.16	-37.39	-123.32	50.11	0.11	0.11	0.97	0.01	0.01	18.90	0.06	18.84	-0.00
10.81	-5.98	0.95	-5.98	0.95	-0.16	-0.16	-36.49	-123.32	49.66	0.11	0.12	0.97	0.01	0.01	18.45	0.05	18.39	-0.00
10.82	-5.91	0.93	-5.91	0.93	-0.16	-0.16	-35.63	-123.32	49.16	0.11	0.13	0.97	0.01	0.02	18.01	0.05	17.96	-0.00
10.83	-5.84	0.90	-5.84	0.90	-0.15	-0.15	-34.80	-123.32	48.67	0.11	0.13	0.97	0.01	0.02	17.60	0.05	17.55	-0.00
10.84	-5.76	0.88	-5.76	0.88	-0.15	-0.15	-34.00	-123.32	48.23	0.11	0.14	0.97	0.01	0.02	17.19	0.05	17.14	-0.00
10.85	-5.69	0.86	-5.69	0.86	-0.15	-0.15	-33.22	-123.32	47.89	0.11	0.14	0.97	0.01	0.02	16.81	0.05	16.76	-0.00
10.86	-5.63	0.84	-5.63	0.84	-0.15	-0.15	-32.47	-123.32	47.69	0.11	0.15	0.97	0.01	0.02	16.43	0.05	16.38	-0.00
10.87	-5.56	0.82	-5.56	0.82	-0.15	-0.15	-31.75	-123.32	47.65	0.11	0.16	0.96	0.01	0.02	16.07	0.05	16.02	-0.00
10.88	-5.49	0.80	-5.49	0.80	-0.15	-0.15	-31.05	-123.32	47.80	0.11	0.16	0.96	0.01	0.03	15.72	0.05	15.67	-0.00
10.89	-5.43	0.78	-5.43	0.78	-0.14	-0.14	-30.38	-123.32	48.14	0.11	0.17	0.96	0.01	0.03	15.38	0.05	15.33	-0.00
10.90	-5.37	0.77	-5.37	0.77	-0.14	-0.14	-29.73	-123.32	48.66	0.11	0.18	0.96	0.01	0.03	15.05	0.05	15.01	-0.00
10.91	-5.31	0.75	-5.31	0.75	-0.14	-0.14	-29.09	-123.32	49.37	0.11	0.18	0.95	0.01	0.03	14.74	0.05	14.69	-0.00
10.92	-5.25	0.73	-5.25	0.73	-0.14	-0.14	-28.48	-123.32	50.23	0.11	0.19	0.95	0.01	0.04	14.43	0.05	14.38	-0.00
10.93	-5.19	0.72	-5.19	0.72	-0.14	-0.14	-27.89	-123.32	51.21	0.11	0.20	0.95	0.01	0.04	14.14	0.05	14.09	-0.00
10.94	-5.13	0.70	-5.13	0.70	-0.14	-0.14	-27.32	-123.32	52.25	0.11	0.20	0.95	0.01	0.04	13.85	0.05	13.80	-0.00
10.95	-5.08	0.69	-5.08	0.69	-0.14	-0.14	-26.76	-123.32	53.31	0.11	0.21	0.94	0.01	0.04	13.57	0.05	13.52	-0.00
10.96	-5.02	0.67	-5.02	0.67	-0.13	-0.13	-26.22	-123.32	54.30	0.11	0.22	0.94	0.01	0.05	13.30	0.05	13.25	-0.01
10.97	-4.97	0.66	-4.97	0.66	-0.13	-0.13	-25.70	-123.32	55.15	0.11	0.22	0.94	0.01	0.05	13.04	0.05	12.99	-0.01
10.98	-4.91	0.65	-4.91	0.65	-0.13	-0.13	-25.19	-123.32	55.78	0.11	0.23	0.93	0.01	0.05	12.79	0.05	12.74	-0.01
10.99	-4.86	0.63	-4.86	0.63	-0.13	-0.13	-24.70	-123.32	56.13	0.11	0.24	0.93	0.01	0.06	12.54	0.05	12.49	-0.01
11.00	-4.81	0.62	-4.81	0.62	-0.13	-0.13	-24.23	-123.32	56.15	0.11	0.24	0.93	0.01	0.06	12.30	0.05	12.25	-0.01
11.01	-4.76	0.61	-4.76	0.61	-0.13	-0.13	-23.76	-123.32	55.82	0.11	0.25	0.93	0.01	0.06	12.07	0.05	12.02	-0.01
11.02	-4.71	0.59	-4.71	0.59	-0.13	-0.13	-23.31	-123.32	55.15	0.11	0.26	0.92	0.01	0.07	11.84	0.05	11.80	-0.01
11.03	-4.66	0.58	-4.66	0.58	-0.13	-0.13	-22.88	-123.32	54.17	0.11	0.26	0.92	0.01	0.07	11.62	0.05	11.58	-0.01
11.04	-4.62	0.57	-4.62	0.57	-0.12	-0.12	-22.45	-123.32	52.93	0.11	0.27	0.92	0.01	0.07	11.41	0.05	11.37	-0.01
11.05	-4.57	0.56	-4.57	0.56	-0.12	-0.12	-22.04	-123.32	51.51	0.11	0.28	0.91	0.01	0.08	11.20	0.05	11.16	-0.01
11.06	-4.53	0.55	-4.53	0.55	-0.12	-0.12	-21.64	-123.32	49.99	0.10	0.28	0.91	0.01	0.08	11.00	0.05	10.96	-0.01
11.07	-4.48	0.54	-4.48	0.54	-0.12	-0.12	-21.25	-123.32	48.41	0.10	0.29	0.91	0.01	0.08	10.80	0.05	10.77	-0.01
11.08	-4.44	0.53	-4.44	0.53	-0.12	-0.12	-20.87	-123.32	46.86	0.10	0.29	0.90	0.01	0.09	10.61	0.04	10.58	-0.01
11.09	-4.40	0.52	-4.40	0.52	-0.12	-0.12	-20.51	-123.32	45.38	0.10	0.30	0.90	0.01	0.09	10.43	0.04	10.39	-0.01
11.10	-4.35	0.51	-4.35	0.51	-0.12	-0.12	-20.15	-123.32	44.00	0.10	0.31	0.90	0.01	0.09	10.24	0.04	10.21	-0.01
11.11	-4.31	0.50	-4.31	0.50	-0.12	-0.12	-19.80	-123.32	42.75	0.09	0.31	0.89	0.01	0.10	10.07	0.04	10.04	-0.01
11.12	-4.27	0.49	-4.27	0.49	-0.12	-0.12	-19.46	-123.32	41.67	0.09	0.32	0.89	0.01	0.10	9.90	0.04	9.87	-0.01
11.13	-4.23	0.48	-4.23	0.48	-0.11	-0.11	-19.13	-123.32	40.74	0.09	0.33	0.89	0.01	0.11	9.73	0.04	9.70	-0.01
11.14	-4.19	0.47	-4.19	0.47	-0.11	-0.11	-18.81	-123.32	39.99	0.09	0.33	0.88	0.01	0.11	9.57	0.04	9.54	-0.01
11.15	-4.15	0.47	-4.15	0.47	-0.11	-0.11	-18.49	-123.32	39.42	0.09	0.34	0.88	0.01	0.11	9.41	0.03	9.38	-0.01
11.16	-4.12	0.46	-4.12	0.46	-0.11	-0.11	-18.19	-123.32	39.03	0.09	0.34	0.87	0.01	0.12	9.26	0.03	9.23	-0.01
11.17	-4.08	0.45	-4.08	0.45	-0.11	-0.11	-17.89	-123.32	38.83	0.09	0.35	0.87	0.01	0.12	9.11	0.03	9.08	-0.01
11.18	-4.04	0.44	-4.04	0.44	-0.11	-0.11	-17.60	-123.32	38.80	0.09	0.36	0.87	0.01	0.13	8.96	0.03	8.93	-0.01
11.19	-4.01	0.43	-4.01	0.43	-0.11	-0.11	-17.31	-123.32	38.96	0.09	0.36	0.86	0.01	0.13	8.82	0.04	8.79	-0.01
11.20	-3.97	0.43	-3.97	0.43	-0.11	-0.11	-17.04	-123.32	39.31	0.09	0.37	0.86	0.01	0.14	8.68	0.04	8.65	-0.01
11.21	-3.94	0.42	-3.94	0.42	-0.11	-0.11	-16.77	-123.32	39.84	0.09	0.37	0.85	0.01	0.14	8.54	0.04	8.52	-0.01
11.22	-3.90	0.41	-3.90	0.41	-0.11	-0.11	-16.50	-123.32	40.58	0.09	0.38	0.85	0.01	0.14	8.41	0.04	8.39	-0.01
11.23	-3.87	0.41	-3.87	0.41	-0.11	-0.11	-16.25	-123.32	41.51	0.09	0.38	0.84	0.01	0.15	8.29	0.04	8.26	-0.01
11.24	-3.84	0.40	-3.84	0.40	-0.10	-0.10	-16.00	-123.32	42.65	0.10	0.39	0.84	0.01	0.15	8.16	0.04	8.13	-0.01
11.25	-3.80	0.39	-3.80	0.39	-0.10	-0.10	-15.75	-123.32	44.00	0.10	0.40	0.83	0.01	0.16	8.04	0.04	8.01	-0.01
11.26	-3.77	0.39	-3.77	0.39	-0.10	-0.10	-15.51	-123.32	45.57	0.10	0.40	0.83	0.01	0.16	7.92	0.04	7.89	-0.01
11.27	-3.74	0.38	-3.74	0.38	-0.10	-0.10	-15.28	-123.32	47.37	0.10	0.41	0.82	0.01	0.17	7.80	0.05	7.77	-0.02
11.28	-3.71	0.38	-3.71	0.38	-0.10	-0.10	-15.05	-123.32	49.39	0.10	0.41	0.82	0.01	0.17	7.69	0.05	7.66	-0.02
11.29	-3.68	0.37	-3.68	0.37	-0.10	-0.10	-14.83	-123.32	51.65	0.11	0.42	0.81	0.01	0.17	7.58	0.05	7.55	-0.02
11.30	-3.65	0.36	-3.65	0.36	-0.10	-0.10	-14.61	-123.32	54.13	0.11	0.42	0.81	0.01	0.18	7.47	0.05	7.44	-0.02
11.31	-3.62	0.36	-3.62	0.36	-0.10	-0.10	-14.40	-123.32	56.81	0.11	0.43	0.81	0.01	0.18	7.36	0.05	7.33	-0.02
11.32	-3.59	0.35	-3.59	0.35	-0.10	-0.10	-14.19	-123.32	59.67	0.11	0.43	0.80	0.01	0.19	7.26	0.05	7.23	-0.02
11.33	-3.56	0.35	-3.56	0.35	-0.10	-0.10	-13.99	-123.32	62.67	0.11	0.44	0.80	0.01	0.19	7.16	0.05	7.12	-0.02
11.34	-3.53	0.34	-3.53	0.34	-0.10	-0.10	-13.79	-123.32	65.75	0.11	0.44	0.79	0.01	0.20	7.06	0.05	7.02	-0.02
11.35	-3.51	0.34	-3.51	0.34	-0.10	-0.10	-13.59	-123.32	68.83	0.11	0.45	0.79	0.01	0.20	6.96	0.06	6.93	-0.02
11.36	-3.48	0.33	-3.48	0.33	-0.10	-0.10	-13.40	-123.32	71.81	0.11	0.45	0.78	0.01	0.20	6.86	0.06	6.83	-0.02
11.37	-3.45	0.33	-3.45	0.33	-0.09	-0.09	-13.21	-123.32	74.56	0.11	0.46	0.78	0.01	0.21	6.77	0.06	6.74	-0.02
11.38	-3.42	0.32	-3.42	0.32	-0.09	-0.09	-13.03	-123.32	76.97	0.11	0.46	0.77	0.01	0.21	6.68	0.06	6.65	-0.02
11.39	-3.40	0.32	-3.40	0.32	-0.09	-0.09	-12.85	-123.32	78.90	0.11	0.47	0.77	0.01	0.22	6.59	0.06	6.56	-0.02
11.40	-3.37	0.31	-3.37	0.31	-0.09	-0.09	-12.68	-123.32	80.23	0.11	0.47	0.76	0.01	0.22	6.50	0.06	6.47	-0.03
11.41	-3.35	0.31	-3.35	0.31	-0.09	-0.09	-12.51	-123.32	80.87	0.11	0.48	0.76	0.01	0.23	6.41	0.06	6.38	-0.03
11.42	-3.32	0.30	-3.32	0.30	-0.09	-0.09	-12.34	-123.32	80.77	0.11	0.48	0.76	0.01	0.23	6.33	0.06	6.30	-0.03
11.43	-3.30	0.30	-3.30	0.30	-0.09	-0.09	-12.18	-123.32	79.94	0.11	0.49	0.75	0.01	0.24	6.25	0.05	6.22	-0.03
11.44	-3.27	0.30	-3.27	0.30	-0.09	-0.09	-12.02	-123.32	78.42	0.11	0.49	0.75	0.01	0.24	6.16	0.05	6.14	-0.03
11.45	-3.25	0.29	-3.25	0.29	-0.09	-0.09	-11.86	-123.32	76.29	0.11	0.49	0.74	0.01	0.24	6.08	0.05	6.06	-0.03
11.46	-3.22	0.29	-3.22	0.29	-0.09	-0.09	-11.70	-123.32	73.67	0.11	0.50	0.74	0.01	0.25	6.01	0.05	5.98	-0.03
11.47	-3.20	0.28	-3.20	0.28	-0.09	-0.09	-11.55	-123.32	70.69	0.11	0.50	0.73	0.01	0.25	5.93	0.05	5.90	-0.03
11.48	-3.18	0.28	-3.18	0.28	-0.09	-0.09	-11.41	-123.32	67.47	0.10	0.51	0.73	0.01	0.26	5.85	0.05	5.83	-0.03
11.49	-3.15	0.28	-3.15	0.28	-0.09	-0.09	-11.26	-123.32	64.14	0.10	0.51	0.73	0.01	0.26	5.78	0.05	5.76	-0.02
11.50	-3.13	0.27	-3.13	0.27	-0.09	-0.09	-11.12	-123.32	60.78	0.10	0.52	0.72	0.01	0.27	5.71	0.04	5.69	-0.02
11.51	-3.11	0.27	-3.11	0.27	-0.09	-0.09	-10.98	-123.32	57.48	0.10	0.52	0.72	0.01	0.27	5.64	0.04	5.62	-0.02
11.52	-3.09	0.26	-3.09	0.26	-0.09	-0.09	-10.84	-123.32	54.29	0.10	0.53	0.71	0.01	0.28	5.57	0.04	5.55	-0.02
11.53	-3.07	0.26	-3.07	0.26	-0.09	-0.09	-10.71	-123.32	51.26	0.09	0.53	0.71	0.01	0.28	5.50	0.04	5.48	-0.02
11.54	-3.04	0.26	-3.04	0.26	-0.08	-0.08	-10.58	-123.32	48.41	0.09	0.53	0.71	0.01	0.29	5.43	0.04	5.41	-0.02
11.55	-3.02	0.25	-3.02	0.25	-0.08	-0.08	-10.45	-123.32	45.75	0.09	0.54	0.70	0.01	0.29	5.36	0.04	5.35	-0.02
11.56	-3.00	0.25	-3.00	0.25	-0.08	-0.08	-10.32	-123.32	43.28	0.09	0.54	0.70	0.01	0.29	5.30	0.03	5.29	-0.02
11.57	-2.98	0.25	-2.98	0.25	-0.08	-0.08	-10.19	-123.32	41.01	0.08	0.55	0.69	0.01	0.30	5.24	0.03	5.22	-0.02
11.58	-2.96	0.24	-2.96	0.24	-0.08	-0.08	-10.07	-123.32	38.93	0.08	0.55	0.69	0.01	0.30	5.17	0.03	5.16	-0.02
11.59	-2.94	0.24	-2.94	0.24	-0.08	-0.08	-9.95	-123.32	37.02	0.08	0.55	0.69	0.01	0.31	5.11	0.03	5.10	-0.02
11.60	-2.92	0.24	-2.92	0.24	-0.08	-0.08	-9.84	-123.32	35.28	0.08	0.56	0.68	0.01	0.31	5.05	0.03	5.04	-0.02
11.61	-2.90	0.24	-2.90	0.24	-0.08	-0.08	-9.72	-123.32	33.70	0.07	0.56	0.68	0.01	0.32	4.99	0.02	4.98	-0.02
11.62	-2.88	0.23	-2.88	0.23	-0.08	-0.08	-9.61	-123.32	32.25	0.07	0.57	0.67	0.01	0.32	4.94	0.02	4.93	-0.01
11.63	-2.86	0.23	-2.86	0.23	-0.08	-0.08	-9.50	-123.32	30.94	0.07	0.57	0.67	0.00	0.32	4.88	0.02	4.87	-0.01
11.64	-2.84	0.23	-2.84	0.23	-0.08	-0.08	-9.39	-123.32	29.76	0.07	0.57	0.67	0.00	0.33	4.82	0.02	4.82	-0.01
11.65	-2.83	0.22	-2.83	0.22	-0.08	-0.08	-9.28	-123.32	28.68	0.06	0.58	0.66	0.00	0.33	4.77	0.02	4.76	-0.01
11.66	-2.81	0.22	-2.81	0.22	-0.08	-0.08	-9.17	-123.32	27.71	0.06	0.58	0.66	0.00	0.34	4.71	0.02	4.71	-0.01
11.67	-2.79	0.22	-2.79	0.22	-0.08	-0.08	-9.07	-123.32	26.83	0.06	0.58	0.66	0.00	0.34	4.66	0.02	4.66	-0.01
11.68	-2.77	0.22	-2.77	0.22	-0.08	-0.08	-8.97	-123.32	26.03	0.06	0.59	0.65	0.00	0.35	4.61	0.02	4.61	-0.01
11.69	-2.75	0.21	-2.75	0.21	-0.08	-0.08	-8.87	-123.32	25.32	0.06	0.59	0.65	0.00	0.35	4.56	0.01	4.56	-0.01
11.70	-2.74	0.21	-2.74	0.21	-0.08	-0.08	-8.77	-123.32	24.68	0.06	0.59	0.64	0.00	0.35	4.51	0.01	4.51	-0.01
11.71	-2.72	0.21	-2.72	0.21	-0.08	-0.08	-8.67	-123.32	24.11	0.05	0.60	0.64	0.00	0.36	4.46	0.01	4.46	-0.01
11.72	-2.70	0.21	-2.70	0.21	-0.08	-0.08	-8.58	-123.32	23.59	0.05	0.60	0.64	0.00	0.36	4.41	0.01	4.41	-0.01
11.73	-2.68	0.20	-2.68	0.20	-0.08	-0.08	-8.49	-123.32	23.14	0.05	0.60	0.63	0.00	0.37	4.37	0.01	4.36	-0.01
11.74	-2.67	0.20	-2.67	0.20	-0.08	-0.08	-8.39	-123.32	22.74	0.05	0.61	0.63	0.00	0.37	4.32	0.01	4.32	-0.01
11.75	-2.65	0.20	-2.65	0.20	-0.07	-0.07	-8.30	-123.32	22.39	0.05	0.61	0.62	0.00	0.37	4.27	0.01	4.27	-0.01
11.76	-2.63	0.20	-2.63	0.20	-0.07	-0.07	-8.21	-123.32	22.09	0.05	0.61	0.62	0.00	0.38	4.23	0.01	4.23	-0.01
11.77	-2.62	0.19	-2.62	0.19	-0.07	-0.07	-8.13	-123.32	21.84	0.05	0.62	0.62	0.00	0.38	4.19	0.01	4.18	-0.01
11.78	-2.60	0.19	-2.60	0.19	-0.07	-0.07	-8.04	-123.32	21.62	0.05	0.62	0.61	0.00	0.38	4.14	0.01	4.14	-0.01
11.79	-2.59	0.19	-2.59	0.19	-0.07	-0.07	-7.96	-123.32	21.45	0.05	0.62	0.61	0.00	0.39	4.10	0.01	4.10	-0.01
11.80	-2.57	0.19	-2.57	0.19	-0.07	-0.07	-7.87	-123.32	21.32	0.05	0.63	0.61	0.00	0.39	4.06	0.01	4.06	-0.01
11.81	-2.56	0.19	-2.56	0.19	-0.07	-0.07	-7.79	-123.32	21.22	0.05	0.63	0.60	0.00	0.40	4.02	0.01	4.01	-0.01
11.82	-2.54	0.18	-2.54	0.18	-0.07	-0.07	-7.71	-123.32	21.16	0.06	0.63	0.60	0.00	0.40	3.98	0.01	3.97	-0.01
11.83	-2.53	0.18	-2.53	0.18	-0.07	-0.07	-7.63	-123.32	21.14	0.06	0.63	0.59	0.00	0.40	3.94	0.01	3.93	-0.01
11.84	-2.51	0.18	-2.51	0.18	-0.07	-0.07	-7.56	-123.32	21.15	0.06	0.64	0.59	0.00	0.41	3.90	0.01	3.90	-0.01
11.85	-2.50	0.18	-2.50	0.18	-0.07	-0.07	-7.48	-123.32	21.19	0.06	0.64	0.59	0.00	0.41	3.86	0.02	3.86	-0.01
11.86	-2.48	0.18	-2.48	0.18	-0.07	-0.07	-7.40	-123.32	21.27	0.06	0.64	0.58	0.00	0.41	3.82	0.02	3.82	-0.01
11.87	-2.47	0.17	-2.47	0.17	-0.07	-0.07	-7.33	-123.32	21.38	0.06	0.65	0.58	0.00	0.42	3.78	0.02	3.78	-0.01
11.88	-2.45	0.17	-2.45	0.17	-0.07	-0.07	-7.26	-123.32	21.53	0.06	0.65	0.58	0.00	0.42	3.75	0.02	3.74	-0.02
11.89	-2.44	0.17	-2.44	0.17	-0.07	-0.07	-7.19	-123.32	21.71	0.07	0.65	0.57	0.00	0.42	3.71	0.02	3.71	-0.02
11.90	-2.42	0.17	-2.42	0.17	-0.07	-0.07	-7.11	-123.32	21.93	0.07	0.65	0.57	0.00	0.43	3.68	0.02	3.67	-0.02
11.91	-2.41	0.17	-2.41	0.17	-0.07	-0.07	-7.04	-123.32	22.18	0.07	0.66	0.56	0.00	0.43	3.64	0.02	3.64	-0.02
11.92	-2.40	0.16	-2.40	0.16	-0.07	-0.07	-6.98	-123.32	22.46	0.07	0.66	0.56	0.01	0.43	3.61	0.02	3.60	-0.02
11.93	-2.38	0.16	-2.38	0.16	-0.07	-0.07	-6.91	-123.32	22.79	0.07	0.66	0.56	0.01	0.44	3.57	0.02	3.57	-0.02
11.94	-2.37	0.16	-2.37	0.16	-0.07	-0.07	-6.84	-123.32	23.15	0.07	0.66	0.55	0.01	0.44	3.54	0.02	3.54	-0.02
11.95	-2.36	0.16	-2.36	0.16	-0.07	-0.07	-6.78	-123.32	23.55	0.08	0.67	0.55	0.01	0.44	3.51	0.03	3.50	-0.02
11.96	-2.34	0.16	-2.34	0.16	-0.07	-0.07	-6.71	-123.32	24.00	0.08	0.67	0.55	0.01	0.45	3.47	0.03	3.47	-0.02
11.97	-2.33	0.16	-2.33	0.16	-0.07	-0.07	-6.65	-123.32	24.48	0.08	0.67	0.54	0.01	0.45	3.44	0.03	3.44	-0.02
11.98	-2.32	0.15	-2.32	0.15	-0.07	-0.07	-6.59	-123.32	25.02	0.08	0.67	0.54	0.01	0.45	3.41	0.03	3.41	-0.03
11.99	-2.30	0.15	-2.30	0.15	-0.07	-0.07	-6.52	-123.32	25.60	0.08	0.68	0.54	0.01	0.46	3.38	0.03	3.38	-0.03
12.00	-2.29	0.15	-2.29	0.15	-0.07	-0.07	-6.46	-123.32	26.23	0.08	0.68	0.53	0.01	0.46	3.35	0.03	3.34	-0.03
12.01	-2.28	0.15	-2.28	0.15	-0.07	-0.07	-6.40	-123.32	26.92	0.08	0.68	0.53	0.01	0.46	3.32	0.03	3.31	-0.03
12.02	-2.27	0.15	-2.27	0.15	-0.07	-0.07	-6.34	-123.32	27.67	0.09	0.68	0.53	0.01	0.47	3.29	0.03	3.28	-0.03
12.03	-2.25	0.15	-2.25	0.15	-0.07	-0.07	-6.29	-123.32	28.48	0.09	0.68	0.52	0.01	0.47	3.26	0.03	3.26	-0.03
12.04	-2.24	0.15	-2.24	0.15	-0.06	-0.06	-6.23	-123.32	29.35	0.09	0.69	0.52	0.01	0.47	3.23	0.03	3.23	-0.03
12.05	-2.23	0.14	-2.23	0.14	-0.06	-0.06	-6.17	-123.32	30.30	0.09	0.69	0.52	0.01	0.47	3.20	0.04	3.20	-0.03
12.06	-2.22	0.14	-2.22	0.14	-0.06	-0.06	-6.12	-123.32	31.32	0.09	0.69	0.51	0.01	0.48	3.17	0.04	3.17	-0.03
12.07	-2.21	0.14	-2.21	0.14	-0.06	-0.06	-6.06	-123.32	32.43	0.09	0.69	0.51	0.01	0.48	3.14	0.04	3.14	-0.04
12.08	-2.20	0.14	-2.20	0.14	-0.06	-0.06	-6.01	-123.32	33.63	0.09	0.70	0.51	0.01	0.48	3.12	0.04	3.12	-0.04
12.09	-2.18	0.14	-2.18	0.14	-0.06	-0.06	-5.95	-123.32	34.92	0.09	0.70	0.50	0.01	0.49	3.09	0.04	3.09	-0.04
12.10	-2.17	0.14	-2.17	0.14	-0.06	-0.06	-5.90	-123.32	36.32	0.09	0.70	0.50	0.01	0.49	3.06	0.04	3.06	-0.04
12.11	-2.16	0.14	-2.16	0.14	-0.06	-0.06	-5.85	-123.32	37.83	0.10	0.70	0.50	0.01	0.49	3.04	0.04	3.04	-0.04
12.12	-2.15	0.13	-2.15	0.13	-0.06	-0.06	-5.80	-123.32	39.46	0.10	0.70	0.50	0.01	0.50	3.01	0.04	3.01	-0.04
12.13	-2.14	0.13	-2.14	0.13	-0.06	-0.06	-5.75	-123.32	41.23	0.10	0.71	0.49	0.01	0.50	2.98	0.04	2.98	-0.04
12.14	-2.13	0.13	-2.13	0.13	-0.06	-0.06	-5.70	-123.32	43.15	0.10	0.71	0.49	0.01	0.50	2.96	0.04	2.96	-0.04
12.15	-2.12	0.13	-2.12	0.13	-0.06	-0.06	-5.65	-123.32	45.23	0.10	0.71	0.49	0.01	0.50	2.93	0.04	2.93	-0.04
12.16	-2.11	0.13	-2.11	0.13	-0.06	-0.06	-5.60	-123.32	47.49	0.10	0.71	0.48	0.01	0.51	2.91	0.04	2.91	-0.04
12.17	-2.09	0.13	-2.09	0.13	-0.06	-0.06	-5.55	-123.32	49.93	0.10	0.71	0.48	0.01	0.51	2.89	0.04	2.89	-0.04
12.18	-2.08	0.13	-2.08	0.13	-0.06	-0.06	-5.50	-123.32	52.59	0.10	0.72	0.48	0.01	0.51	2.86	0.04	2.86	-0.04
12.19	-2.07	0.13	-2.07	0.13	-0.06	-0.06	-5.46	-123.32	55.48	0.10	0.72	0.48	0.01	0.51	2.84	0.04	2.84	-0.05
12.20	-2.06	0.12	-2.06	0.12	-0.06	-0.06	-5.41	-123.32	58.62	0.10	0.72	0.47	0.01	0.52	2.81	0.04	2.82	-0.05
12.21	-2.05	0.12	-2.05	0.12	-0.06	-0.06	-5.37	-123.32	62.03	0.10	0.72	0.47	0.01	0.52	2.79	0.04	2.79	-0.05
12.22	-2.04	0.12	-2.04	0.12	-0.06	-0.06	-5.32	-123.32	65.74	0.10	0.72	0.47	0.01	0.52	2.77	0.04	2.77	-0.05
12.23	-2.03	0.12	-2.03	0.12	-0.06	-0.06	-5.28	-123.32	69.77	0.10	0.73	0.46	0.01	0.53	2.75	0.04	2.75	-0.05
12.24	-2.02	0.12	-2.02	0.12	-0.06	-0.06	-5.23	-123.32	74.15	0.10	0.73	0.46	0.01	0.53	2.72	0.04	2.73	-0.05
12.25	-2.01	0.12	-2.01	0.12	-0.06	-0.06	-5.19	-123.32	78.91	0.10	0.73	0.46	0.01	0.53	2.70	0.04	2.71	-0.05
12.26	-2.00	0.12	-2.00	0.12	-0.06	-0.06	-5.15	-123.32	84.08	0.10	0.73	0.46	0.01	0.53	2.68	0.04	2.68	-0.05
12.27	-1.99	0.12	-1.99	0.12	-0.06	-0.06	-5.11	-123.32	89.67	0.10	0.73	0.45	0.01	0.54	2.66	0.04	2.66	-0.05
12.28	-1.98	0.12	-1.98	0.12	-0.06	-0.06	-5.07	-123.32	95.70	0.10	0.73	0.45	0.01	0.54	2.64	0.04	2.64	-0.05
12.29	-1.97	0.11	-1.97	0.11	-0.06	-0.06	-5.02	-123.32	102.20	0.10	0.74	0.45	0.01	0.54	2.62	0.04	2.62	-0.05
12.30	-1.96	0.11	-1.96	0.11	-0.06	-0.06	-4.98	-123.32	109.16	0.10	0.74	0.45	0.01	0.54	2.60	0.04	2.60	-0.05
12.31	-1.95	0.11	-1.95	0.11	-0.06	-0.06	-4.94	-123.32	116.57	0.10	0.74	0.44	0.01	0.55	2.58	0.04	2.58	-0.05
12.32	-1.95	0.11	-1.95	0.11	-0.06	-0.06	-4.91	-123.32	124.40	0.10	0.74	0.44	0.01	0.55	2.56	0.04	2.56	-0.05
12.33	-1.94	0.11	-1.94	0.11	-0.06	-0.06	-4.87	-123.32	132.60	0.10	0.74	0.44	0.01	0.55	2.54	0.04	2.54	-0.05
12.34	-1.93	0.11	-1.93	0.11	-0.06	-0.06	-4.83	-123.32	141.07	0.10	0.74	0.44	0.01	0.55	2.52	0.04	2.52	-0.05
12.35	-1.92	0.11	-1.92	0.11	-0.06	-0.06	-4.79	-123.32	149.69	0.10	0.75	0.43	0.01	0.56	2.50	0.04	2.50	-0.05
12.36	-1.91	0.11	-1.91	0.11	-0.06	-0.06	-4.75	-123.32	158.29	0.10	0.75	0.43	0.01	0.56	2.48	0.04	2.49	-0.05
12.37	-1.90	0.11	-1.90	0.11	-0.06	-0.06	-4.72	-123.32	166.65	0.10	0.75	0.43	0.01	0.56	2.46	0.04	2.47	-0.05
12.38	-1.89	0.11	-1.89	0.11	-0.06	-0.06	-4.68	-123.32	174.53	0.10	0.75	0.43	0.01	0.56	2.44	0.04	2.45	-0.05
12.39	-1.88	0.11	-1.88	0.11	-0.06	-0.06	-4.64	-123.32	181.65	0.10	0.75	0.42	0.01	0.57	2.42	0.04	2.43	-0.05
