f(GHz)	  e'	  e"	  u'	  u"	tan_e	tan_u	  RL	RL_med	 Zin	 S11	 S21	   A	   R	   T	 SEt	 SEr	 SEa	SEmr
8.20	0.01	0.00	0.01	0.00	0.06	0.06	-0.01	-0.32	0.04	1.00	0.01	0.00	1.00	0.00	43.64	27.96	15.90	-0.23
8.21	0.01	0.00	0.01	0.00	0.06	0.06	-0.01	-0.32	0.04	1.00	0.01	0.00	1.00	0.00	43.56	27.90	15.89	-0.23
8.22	0.01	0.00	0.01	0.00	0.06	0.06	-0.01	-0.32	0.04	1.00	0.01	0.00	1.00	0.00	43.49	27.84	15.88	-0.23
8.23	0.01	0.00	0.01	0.00	0.06	0.06	-0.01	-0.32	0.04	1.00	0.01	0.00	1.00	0.00	43.42	27.77	15.87	-0.23
8.24	0.01	0.00	0.01	0.00	0.06	0.06	-0.01	-0.32	0.04	1.00	0.01	0.00	1.00	0.00	43.34	27.71	15.86	-0.23
8.25	0.01	0.00	0.01	0.00	0.06	0.06	-0.01	-0.32	0.04	1.00	0.01	0.00	1.00	0.00	43.27	27.65	15.85	-0.23
8.26	0.01	0.00	0.01	0.00	0.06	0.06	-0.01	-0.32	0.04	1.00	0.01	0.00	1.00	0.00	43.20	27.58	15.84	-0.23
8.27	0.01	0.00	0.01	0.00	0.06	0.06	-0.01	-0.32	0.04	1.00	0.01	0.00	1.00	0.00	43.12	27.52	15.84	-0.23
8.28	0.01	0.00	0.01	0.00	0.06	0.06	-0.01	-0.32	0.04	1.00	0.01	0.00	1.00	0.00	43.05	27.45	15.83	-0.23
8.29	0.01	0.00	0.01	0.00	0.06	0.06	-0.01	-0.32	0.04	1.00	0.01	0.00	1.00	0.00	42.98	27.39	15.82	-0.23
8.30	0.01	0.00	0.01	0.00	0.06	0.06	-0.02	-0.32	0.04	1.00	0.01	0.00	1.00	0.00	42.90	27.32	15.81	-0.23
8.31	0.01	0.00	0.01	0.00	0.06	0.06	-0.02	-0.32	0.04	1.00	0.01	0.00	1.00	0.00	42.83	27.26	15.80	-0.23
8.32	0.01	0.00	0.01	0.00	0.06	0.06	-0.02	-0.32	0.04	1.00	0.01	0.00	1.00	0.00	42.75	27.19	15.79	-0.23
8.33	0.01	0.00	0.01	0.00	0.06	0.06	-0.02	-0.32	0.04	1.00	0.01	0.00	1.00	0.00	42.68	27.13	15.79	-0.23
8.34	0.01	0.00	0.01	0.00	0.07	0.07	-0.02	-0.32	0.05	1.00	0.01	0.00	1.00	0.00	42.60	27.06	15.78	-0.23
8.35	0.01	0.00	0.01	0.00	0.07	0.07	-0.02	-0.32	0.05	1.00	0.01	0.00	1.00	0.00	42.53	26.99	15.77	-0.23
8.36	0.01	0.00	0.01	0.00	0.07	0.07	-0.02	-0.32	0.05	1.00	0.01	0.00	1.00	0.00	42.46	26.93	15.76	-0.23
8.37	0.01	0.00	0.01	0.00	0.07	0.07	-0.02	-0.32	0.05	1.00	0.01	0.00	1.00	0.00	42.38	26.86	15.75	-0.23
8.38	0.01	0.00	0.01	0.00	0.07	0.07	-0.02	-0.32	0.05	1.00	0.01	0.00	1.00	0.00	42.30	26.79	15.74	-0.23
8.39	0.01	0.00	0.01	0.00	0.07	0.07	-0.02	-0.32	0.05	1.00	0.01	0.00	1.00	0.00	42.23	26.73	15.74	-0.23
8.40	0.01	0.00	0.01	0.00	0.07	0.07	-0.02	-0.32	0.05	1.00	0.01	0.00	1.00	0.00	42.15	26.66	15.73	-0.23
8.41	0.01	0.00	0.01	0.00	0.07	0.07	-0.02	-0.32	0.05	1.00	0.01	0.00	1.00	0.00	42.08	26.59	15.72	-0.24
8.42	0.01	0.00	0.01	0.00	0.07	0.07	-0.02	-0.32	0.05	1.00	0.01	0.00	1.00	0.00	42.00	26.52	15.71	-0.24
8.43	0.01	0.00	0.01	0.00	0.07	0.07	-0.02	-0.32	0.05	1.00	0.01	0.00	1.00	0.00	41.93	26.46	15.71	-0.24
8.44	0.01	0.00	0.01	0.00	0.07	0.07	-0.02	-0.32	0.05	1.00	0.01	0.00	1.00	0.00	41.85	26.39	15.70	-0.24
8.45	0.01	0.00	0.01	0.00	0.07	0.07	-0.02	-0.32	0.05	1.00	0.01	0.00	1.00	0.00	41.77	26.32	15.69	-0.24
8.46	0.01	0.00	0.01	0.00	0.07	0.07	-0.02	-0.32	0.05	1.00	0.01	0.00	1.00	0.00	41.70	26.25	15.68	-0.24
8.47	0.01	0.00	0.01	0.00	0.07	0.07	-0.02	-0.32	0.05	1.00	0.01	0.00	1.00	0.00	41.62	26.18	15.68	-0.24
8.48	0.01	0.00	0.01	0.00	0.07	0.07	-0.02	-0.32	0.06	1.00	0.01	0.00	1.00	0.00	41.54	26.11	15.67	-0.24
8.49	0.01	0.00	0.01	0.00	0.07	0.07	-0.02	-0.32	0.06	1.00	0.01	0.00	1.00	0.00	41.46	26.04	15.66	-0.24
8.50	0.01	0.00	0.01	0.00	0.07	0.07	-0.02	-0.32	0.06	1.00	0.01	0.00	1.00	0.00	41.39	25.97	15.65	-0.24
8.51	0.01	0.00	0.01	0.00	0.07	0.07	-0.02	-0.32	0.06	1.00	0.01	0.00	1.00	0.00	41.31	25.90	15.65	-0.24
8.52	0.01	0.00	0.01	0.00	0.07	0.07	-0.02	-0.32	0.06	1.00	0.01	0.00	1.00	0.00	41.23	25.83	15.64	-0.24
8.53	0.01	0.00	0.01	0.00	0.07	0.07	-0.02	-0.32	0.06	1.00	0.01	0.00	1.00	0.00	41.15	25.76	15.63	-0.24
8.54	0.01	0.00	0.01	0.00	0.07	0.07	-0.02	-0.32	0.06	1.00	0.01	0.00	1.00	0.00	41.07	25.69	15.63	-0.24
8.55	0.01	0.00	0.01	0.00	0.08	0.08	-0.02	-0.32	0.06	1.00	0.01	0.00	1.00	0.00	40.99	25.62	15.62	-0.24
8.56	0.01	0.00	0.01	0.00	0.08	0.08	-0.02	-0.32	0.06	1.00	0.01	0.00	1.00	0.00	40.91	25.54	15.61	-0.24
8.57	0.01	0.00	0.01	0.00	0.08	0.08	-0.02	-0.32	0.06	1.00	0.01	0.00	1.00	0.00	40.83	25.47	15.60	-0.24
8.58	0.01	0.00	0.01	0.00	0.08	0.08	-0.02	-0.32	0.06	1.00	0.01	0.00	1.00	0.00	40.75	25.40	15.60	-0.24
8.59	0.01	0.00	0.01	0.00	0.08	0.08	-0.02	-0.32	0.06	1.00	0.01	0.00	1.00	0.00	40.67	25.33	15.59	-0.24
8.60	0.01	0.00	0.01	0.00	0.08	0.08	-0.02	-0.32	0.07	1.00	0.01	0.00	1.00	0.00	40.59	25.25	15.58	-0.24
8.61	0.01	0.00	0.01	0.00	0.08	0.08	-0.02	-0.32	0.07	1.00	0.01	0.00	1.00	0.00	40.51	25.18	15.58	-0.24
8.62	0.01	0.00	0.01	0.00	0.08	0.08	-0.02	-0.32	0.07	1.00	0.01	0.00	1.00	0.00	40.43	25.10	15.57	-0.24
8.63	0.01	0.00	0.01	0.00	0.08	0.08	-0.02	-0.32	0.07	1.00	0.01	0.00	1.00	0.00	40.35	25.03	15.56	-0.24
8.64	0.01	0.00	0.01	0.00	0.08	0.08	-0.02	-0.32	0.07	1.00	0.01	0.00	1.00	0.00	40.27	24.95	15.56	-0.24
8.65	0.01	0.00	0.01	0.00	0.08	0.08	-0.02	-0.32	0.07	1.00	0.01	0.00	1.00	0.00	40.19	24.88	15.55	-0.24
8.66	0.01	0.00	0.01	0.00	0.08	0.08	-0.03	-0.32	0.07	1.00	0.01	0.00	1.00	0.00	40.10	24.80	15.54	-0.24
8.67	0.01	0.00	0.01	0.00	0.08	0.08	-0.03	-0.32	0.07	1.00	0.01	0.00	1.00	0.00	40.02	24.73	15.54	-0.25
8.68	0.01	0.00	0.01	0.00	0.08	0.08	-0.03	-0.32	0.07	1.00	0.01	0.00	1.00	0.00	39.94	24.65	15.53	-0.25
8.69	0.01	0.00	0.01	0.00	0.08	0.08	-0.03	-0.32	0.08	1.00	0.01	0.00	1.00	0.00	39.85	24.57	15.52	-0.25
8.70	0.01	0.00	0.01	0.00	0.08	0.08	-0.03	-0.32	0.08	1.00	0.01	0.00	1.00	0.00	39.77	24.50	15.52	-0.25
8.71	0.01	0.00	0.01	0.00	0.09	0.09	-0.03	-0.32	0.08	1.00	0.01	0.00	1.00	0.00	39.68	24.42	15.51	-0.25
8.72	0.01	0.00	0.01	0.00	0.09	0.09	-0.03	-0.32	0.08	1.00	0.01	0.00	1.00	0.00	39.60	24.34	15.51	-0.25
8.73	0.01	0.00	0.01	0.00	0.09	0.09	-0.03	-0.32	0.08	1.00	0.01	0.00	1.00	0.00	39.51	24.26	15.50	-0.25
8.74	0.01	0.00	0.01	0.00	0.09	0.09	-0.03	-0.32	0.08	1.00	0.01	0.00	1.00	0.00	39.43	24.18	15.49	-0.25
8.75	0.01	0.00	0.01	0.00	0.09	0.09	-0.03	-0.32	0.08	1.00	0.01	0.00	1.00	0.00	39.34	24.10	15.49	-0.25
8.76	0.01	0.00	0.01	0.00	0.09	0.09	-0.03	-0.32	0.09	1.00	0.01	0.00	1.00	0.00	39.26	24.02	15.48	-0.25
8.77	0.01	0.00	0.01	0.00	0.09	0.09	-0.03	-0.32	0.09	1.00	0.01	0.00	1.00	0.00	39.17	23.94	15.48	-0.25
8.78	0.01	0.00	0.01	0.00	0.09	0.09	-0.03	-0.32	0.09	1.00	0.01	0.00	1.00	0.00	39.08	23.86	15.47	-0.25
8.79	0.01	0.00	0.01	0.00	0.09	0.09	-0.03	-0.32	0.09	1.00	0.01	0.00	1.00	0.00	38.99	23.78	15.46	-0.25
8.80	0.01	0.00	0.01	0.00	0.09	0.09	-0.03	-0.32	0.09	1.00	0.01	0.00	1.00	0.00	38.90	23.70	15.46	-0.25
8.81	0.01	0.00	0.01	0.00	0.09	0.09	-0.03	-0.32	0.09	1.00	0.01	0.00	1.00	0.00	38.82	23.61	15.45	-0.25
8.82	0.01	0.00	0.01	0.00	0.09	0.09	-0.03	-0.32	0.09	1.00	0.01	0.00	1.00	0.00	38.73	23.53	15.45	-0.25
8.83	0.01	0.00	0.01	0.00	0.09	0.09	-0.03	-0.32	0.10	1.00	0.01	0.00	1.00	0.00	38.64	23.45	15.44	-0.25
8.84	0.01	0.00	0.01	0.00	0.10	0.10	-0.03	-0.32	0.10	1.00	0.01	0.00	1.00	0.00	38.55	23.36	15.43	-0.25
8.85	0.01	0.00	0.01	0.00	0.10	0.10	-0.03	-0.32	0.10	1.00	0.01	0.00	1.00	0.00	38.45	23.28	15.43	-0.25
8.86	0.01	0.00	0.01	0.00	0.10	0.10	-0.04	-0.32	0.10	1.00	0.01	0.00	1.00	0.00	38.36	23.19	15.42	-0.25
8.87	0.01	0.00	0.01	0.00	0.10	0.10	-0.04	-0.32	0.10	1.00	0.01	0.00	1.00	0.00	38.27	23.11	15.42	-0.25
8.88	0.01	0.00	0.01	0.00	0.10	0.10	-0.04	-0.32	0.11	1.00	0.01	0.00	1.00	0.00	38.18	23.02	15.41	-0.25
8.89	0.01	0.00	0.01	0.00	0.10	0.10	-0.04	-0.32	0.11	1.00	0.01	0.00	0.99	0.00	38.09	22.93	15.41	-0.25
8.90	0.01	0.00	0.01	0.00	0.10	0.10	-0.04	-0.32	0.11	1.00	0.01	0.01	0.99	0.00	37.99	22.84	15.40	-0.25
8.91	0.01	0.00	0.01	0.00	0.10	0.10	-0.04	-0.32	0.11	1.00	0.01	0.01	0.99	0.00	37.90	22.76	15.40	-0.25
8.92	0.01	0.00	0.01	0.00	0.10	0.10	-0.04	-0.32	0.11	1.00	0.01	0.01	0.99	0.00	37.80	22.67	15.39	-0.25
8.93	0.01	0.00	0.01	0.00	0.10	0.10	-0.04	-0.32	0.12	1.00	0.01	0.01	0.99	0.00	37.71	22.58	15.38	-0.25
8.94	0.01	0.00	0.01	0.00	0.11	0.11	-0.04	-0.32	0.12	1.00	0.01	0.01	0.99	0.00	37.61	22.49	15.38	-0.25
8.95	0.01	0.00	0.01	0.00	0.11	0.11	-0.04	-0.32	0.12	1.00	0.01	0.01	0.99	0.00	37.51	22.39	15.37	-0.25
8.96	0.01	0.00	0.01	0.00	0.11	0.11	-0.04	-0.32	0.12	1.00	0.01	0.01	0.99	0.00	37.42	22.30	15.37	-0.25
8.97	0.01	0.00	0.01	0.00	0.11	0.11	-0.04	-0.32	0.13	1.00	0.01	0.01	0.99	0.00	37.32	22.21	15.36	-0.25
8.98	0.01	0.00	0.01	0.00	0.11	0.11	-0.04	-0.32	0.13	1.00	0.01	0.01	0.99	0.00	37.22	22.12	15.36	-0.26
8.99	0.01	0.00	0.01	0.00	0.11	0.11	-0.05	-0.32	0.13	1.00	0.01	0.01	0.99	0.00	37.12	22.02	15.35	-0.26
9.00	0.01	0.00	0.01	0.00	0.11	0.11	-0.05	-0.32	0.13	1.00	0.01	0.01	0.99	0.00	37.02	21.93	15.35	-0.26
9.01	0.01	0.00	0.01	0.00	0.11	0.11	-0.05	-0.32	0.14	1.00	0.01	0.01	0.99	0.00	36.92	21.83	15.34	-0.26
9.02	0.01	0.00	0.01	0.00	0.11	0.11	-0.05	-0.32	0.14	1.00	0.01	0.01	0.99	0.00	36.82	21.74	15.34	-0.26
9.03	0.01	0.00	0.01	0.00	0.12	0.12	-0.05	-0.32	0.14	1.00	0.01	0.01	0.99	0.00	36.72	21.64	15.33	-0.26
9.04	0.01	0.00	0.01	0.00	0.12	0.12	-0.05	-0.32	0.15	1.00	0.01	0.01	0.99	0.00	36.61	21.54	15.33	-0.26
9.05	0.01	0.00	0.01	0.00	0.12	0.12	-0.05	-0.32	0.15	1.00	0.01	0.01	0.99	0.00	36.51	21.44	15.32	-0.26
9.06	0.01	0.00	0.01	0.00	0.12	0.12	-0.05	-0.32	0.15	1.00	0.01	0.01	0.99	0.00	36.40	21.34	15.32	-0.26
9.07	0.01	0.00	0.01	0.00	0.12	0.12	-0.05	-0.32	0.16	1.00	0.01	0.01	0.99	0.00	36.30	21.24	15.31	-0.26
9.08	0.01	0.00	0.01	0.00	0.12	0.12	-0.06	-0.32	0.16	1.00	0.02	0.01	0.99	0.00	36.19	21.14	15.31	-0.26
9.09	0.01	0.00	0.01	0.00	0.12	0.12	-0.06	-0.32	0.16	1.00	0.02	0.01	0.99	0.00	36.09	21.04	15.30	-0.26
9.10	0.01	0.00	0.01	0.00	0.12	0.12	-0.06	-0.32	0.17	1.00	0.02	0.01	0.99	0.00	35.98	20.94	15.30	-0.26
9.11	0.01	0.00	0.01	0.00	0.13	0.13	-0.06	-0.32	0.17	1.00	0.02	0.01	0.99	0.00	35.87	20.83	15.29	-0.26
9.12	0.01	0.00	0.01	0.00	0.13	0.13	-0.06	-0.32	0.17	1.00	0.02	0.01	0.99	0.00	35.76	20.73	15.29	-0.26
9.13	0.01	0.00	0.01	0.00	0.13	0.13	-0.06	-0.32	0.18	1.00	0.02	0.01	0.99	0.00	35.65	20.62	15.29	-0.26
9.14	0.01	0.00	0.01	0.00	0.13	0.13	-0.06	-0.32	0.18	1.00	0.02	0.01	0.99	0.00	35.54	20.51	15.28	-0.26
9.15	0.02	0.00	0.02	0.00	0.13	0.13	-0.06	-0.32	0.19	1.00	0.02	0.01	0.99	0.00	35.42	20.41	15.28	-0.26
9.16	0.02	0.00	0.02	0.00	0.13	0.13	-0.07	-0.32	0.19	1.00	0.02	0.01	0.99	0.00	35.31	20.30	15.27	-0.26
9.17	0.02	0.00	0.02	0.00	0.14	0.14	-0.07	-0.32	0.20	1.00	0.02	0.01	0.99	0.00	35.19	20.19	15.27	-0.26
9.18	0.02	0.00	0.02	0.00	0.14	0.14	-0.07	-0.32	0.20	1.00	0.02	0.01	0.99	0.00	35.08	20.08	15.26	-0.26
9.19	0.02	0.00	0.02	0.00	0.14	0.14	-0.07	-0.32	0.21	0.99	0.02	0.01	0.99	0.00	34.96	19.96	15.26	-0.26
9.20	0.02	0.00	0.02	0.00	0.14	0.14	-0.07	-0.32	0.21	0.99	0.02	0.01	0.99	0.00	34.84	19.85	15.25	-0.26
9.21	0.02	0.00	0.02	0.00	0.14	0.14	-0.08	-0.32	0.22	0.99	0.02	0.01	0.99	0.00	34.72	19.74	15.25	-0.26
9.22	0.02	0.00	0.02	0.00	0.14	0.14	-0.08	-0.32	0.22	0.99	0.02	0.01	0.99	0.00	34.60	19.62	15.25	-0.26
9.23	0.02	0.00	0.02	0.00	0.15	0.15	-0.08	-0.32	0.23	0.99	0.02	0.01	0.99	0.00	34.48	19.50	15.24	-0.26
9.24	0.02	0.00	0.02	0.00	0.15	0.15	-0.08	-0.32	0.23	0.99	0.02	0.01	0.99	0.00	34.36	19.38	15.24	-0.26
9.25	0.02	0.00	0.02	0.00	0.15	0.15	-0.08	-0.32	0.24	0.99	0.02	0.01	0.99	0.00	34.24	19.26	15.23	-0.26
9.26	0.02	0.00	0.02	0.00	0.15	0.15	-0.09	-0.32	0.25	0.99	0.02	0.01	0.99	0.00	34.11	19.14	15.23	-0.26
9.27	0.02	0.00	0.02	0.00	0.16	0.16	-0.09	-0.32	0.25	0.99	0.02	0.01	0.99	0.00	33.98	19.02	15.23	-0.26
9.28	0.02	0.00	0.02	0.00	0.16	0.16	-0.09	-0.32	0.26	0.99	0.02	0.01	0.99	0.00	33.86	18.90	15.22	-0.26
9.29	0.02	0.00	0.02	0.00	0.16	0.16	-0.09	-0.32	0.27	0.99	0.02	0.01	0.99	0.00	33.73	18.77	15.22	-0.26
9.30	0.02	0.00	0.02	0.00	0.16	0.16	-0.10	-0.32	0.28	0.99	0.02	0.01	0.99	0.00	33.60	18.64	15.21	-0.26
9.31	0.02	0.00	0.02	0.00	0.16	0.16	-0.10	-0.32	0.28	0.99	0.02	0.01	0.99	0.00	33.46	18.52	15.21	-0.26
9.32	0.02	0.00	0.02	0.00	0.17	0.17	-0.10	-0.32	0.29	0.99	0.02	0.01	0.99	0.00	33.33	18.39	15.21	-0.26
9.33	0.02	0.00	0.02	0.00	0.17	0.17	-0.10	-0.32	0.30	0.99	0.02	0.01	0.99	0.00	33.20	18.26	15.20	-0.26
9.34	0.02	0.00	0.02	0.00	0.17	0.17	-0.11	-0.32	0.31	0.99	0.02	0.01	0.98	0.00	33.06	18.12	15.20	-0.26
9.35	0.02	0.00	0.02	0.00	0.17	0.17	-0.11	-0.32	0.32	0.99	0.02	0.02	0.98	0.00	32.92	17.99	15.19	-0.26
9.36	0.02	0.00	0.02	0.00	0.18	0.18	-0.11	-0.32	0.33	0.99	0.02	0.02	0.98	0.00	32.78	17.85	15.19	-0.26
9.37	0.02	0.00	0.02	0.00	0.18	0.18	-0.12	-0.32	0.34	0.99	0.02	0.02	0.98	0.00	32.64	17.71	15.19	-0.26
9.38	0.02	0.00	0.02	0.00	0.18	0.18	-0.12	-0.32	0.35	0.99	0.02	0.02	0.98	0.00	32.50	17.57	15.18	-0.26
9.39	0.02	0.00	0.02	0.00	0.19	0.19	-0.13	-0.32	0.36	0.99	0.02	0.02	0.98	0.00	32.35	17.43	15.18	-0.26
9.40	0.02	0.00	0.02	0.00	0.19	0.19	-0.13	-0.32	0.37	0.99	0.02	0.02	0.98	0.00	32.20	17.29	15.18	-0.26
9.41	0.02	0.00	0.02	0.00	0.19	0.19	-0.13	-0.32	0.39	0.99	0.02	0.02	0.98	0.00	32.05	17.14	15.17	-0.26
9.42	0.02	0.00	0.02	0.00	0.20	0.20	-0.14	-0.32	0.40	0.99	0.02	0.02	0.98	0.00	31.90	16.99	15.17	-0.26
9.43	0.02	0.00	0.02	0.00	0.20	0.20	-0.14	-0.32	0.41	0.99	0.03	0.02	0.98	0.00	31.75	16.85	15.17	-0.26
9.44	0.02	0.00	0.02	0.00	0.20	0.20	-0.15	-0.32	0.43	0.99	0.03	0.02	0.98	0.00	31.60	16.69	15.17	-0.26
9.45	0.02	0.00	0.02	0.00	0.21	0.21	-0.15	-0.32	0.44	0.99	0.03	0.02	0.98	0.00	31.44	16.54	15.16	-0.26
9.46	0.02	0.00	0.02	0.00	0.21	0.21	-0.16	-0.32	0.46	0.99	0.03	0.02	0.98	0.00	31.28	16.38	15.16	-0.26
9.47	0.02	0.00	0.02	0.00	0.21	0.21	-0.17	-0.32	0.48	0.99	0.03	0.02	0.98	0.00	31.12	16.22	15.16	-0.26
9.48	0.02	0.01	0.02	0.01	0.22	0.22	-0.17	-0.32	0.49	0.99	0.03	0.02	0.98	0.00	30.95	16.06	15.15	-0.26
9.49	0.02	0.01	0.02	0.01	0.22	0.22	-0.18	-0.32	0.51	0.99	0.03	0.02	0.97	0.00	30.79	15.90	15.15	-0.26
9.50	0.02	0.01	0.02	0.01	0.23	0.23	-0.19	-0.32	0.53	0.99	0.03	0.03	0.97	0.00	30.62	15.73	15.15	-0.26
9.51	0.02	0.01	0.02	0.01	0.23	0.23	-0.19	-0.32	0.55	0.99	0.03	0.03	0.97	0.00	30.45	15.56	15.15	-0.26
9.52	0.02	0.01	0.02	0.01	0.24	0.24	-0.20	-0.32	0.58	0.99	0.03	0.03	0.97	0.00	30.28	15.39	15.15	-0.26
9.53	0.03	0.01	0.03	0.01	0.24	0.24	-0.21	-0.32	0.60	0.98	0.03	0.03	0.97	0.00	30.10	15.22	15.14	-0.26
9.54	0.03	0.01	0.03	0.01	0.25	0.25	-0.22	-0.32	0.63	0.98	0.03	0.03	0.97	0.00	29.92	15.04	15.14	-0.26
9.55	0.03	0.01	0.03	0.01	0.25	0.25	-0.23	-0.32	0.65	0.98	0.03	0.03	0.97	0.00	29.74	14.86	15.14	-0.26
9.56	0.03	0.01	0.03	0.01	0.26	0.26	-0.24	-0.32	0.68	0.98	0.03	0.03	0.97	0.00	29.55	14.68	15.14	-0.26
9.57	0.03	0.01	0.03	0.01	0.26	0.26	-0.25	-0.32	0.71	0.98	0.03	0.03	0.96	0.00	29.37	14.49	15.14	-0.26
9.58	0.03	0.01	0.03	0.01	0.27	0.27	-0.26	-0.32	0.74	0.98	0.03	0.04	0.96	0.00	29.17	14.30	15.14	-0.26
9.59	0.03	0.01	0.03	0.01	0.28	0.28	-0.27	-0.32	0.78	0.98	0.03	0.04	0.96	0.00	28.98	14.11	15.13	-0.26
9.60	0.03	0.01	0.03	0.01	0.28	0.28	-0.28	-0.32	0.81	0.98	0.04	0.04	0.96	0.00	28.78	13.91	15.13	-0.26
9.61	0.03	0.01	0.03	0.01	0.29	0.29	-0.29	-0.32	0.85	0.98	0.04	0.04	0.96	0.00	28.58	13.71	15.13	-0.26
9.62	0.03	0.01	0.03	0.01	0.30	0.30	-0.31	-0.32	0.89	0.98	0.04	0.04	0.96	0.00	28.38	13.50	15.13	-0.26
9.63	0.03	0.01	0.03	0.01	0.31	0.31	-0.32	-0.32	0.94	0.98	0.04	0.05	0.95	0.00	28.17	13.30	15.13	-0.26
9.64	0.03	0.01	0.03	0.01	0.32	0.32	-0.34	-0.32	0.98	0.98	0.04	0.05	0.95	0.00	27.96	13.08	15.13	-0.26
9.65	0.03	0.01	0.03	0.01	0.32	0.32	-0.36	-0.32	1.03	0.97	0.04	0.05	0.95	0.00	27.74	12.87	15.13	-0.26
9.66	0.03	0.01	0.03	0.01	0.33	0.33	-0.38	-0.32	1.09	0.97	0.04	0.05	0.95	0.00	27.53	12.65	15.13	-0.26
9.67	0.03	0.01	0.03	0.01	0.34	0.34	-0.40	-0.32	1.15	0.97	0.04	0.06	0.94	0.00	27.30	12.42	15.14	-0.25
9.68	0.03	0.01	0.03	0.01	0.35	0.35	-0.42	-0.32	1.21	0.97	0.04	0.06	0.94	0.00	27.08	12.19	15.14	-0.25
9.69	0.04	0.01	0.04	0.01	0.37	0.37	-0.44	-0.32	1.28	0.97	0.04	0.06	0.94	0.00	26.84	11.96	15.14	-0.25
9.70	0.04	0.01	0.04	0.01	0.38	0.38	-0.47	-0.32	1.36	0.97	0.05	0.07	0.93	0.00	26.61	11.72	15.14	-0.25
9.71	0.04	0.01	0.04	0.01	0.39	0.39	-0.50	-0.32	1.44	0.96	0.05	0.07	0.93	0.00	26.37	11.47	15.15	-0.25
9.72	0.04	0.02	0.04	0.02	0.40	0.40	-0.53	-0.32	1.53	0.96	0.05	0.07	0.92	0.00	26.13	11.22	15.15	-0.25
9.73	0.04	0.02	0.04	0.02	0.42	0.42	-0.56	-0.32	1.62	0.96	0.05	0.08	0.92	0.00	25.88	10.97	15.15	-0.25
9.74	0.04	0.02	0.04	0.02	0.43	0.43	-0.60	-0.32	1.73	0.96	0.05	0.08	0.92	0.00	25.62	10.71	15.16	-0.25
9.75	0.04	0.02	0.04	0.02	0.45	0.45	-0.64	-0.32	1.84	0.95	0.05	0.09	0.91	0.00	25.37	10.45	15.17	-0.24
9.76	0.04	0.02	0.04	0.02	0.47	0.47	-0.68	-0.32	1.96	0.95	0.05	0.09	0.90	0.00	25.11	10.17	15.17	-0.24
9.77	0.04	0.02	0.04	0.02	0.49	0.49	-0.72	-0.32	2.10	0.95	0.06	0.10	0.90	0.00	24.84	9.90	15.18	-0.24
9.78	0.04	0.02	0.04	0.02	0.51	0.51	-0.78	-0.32	2.25	0.94	0.06	0.11	0.89	0.00	24.57	9.62	15.19	-0.24
9.79	0.04	0.02	0.04	0.02	0.53	0.53	-0.83	-0.32	2.41	0.94	0.06	0.11	0.88	0.00	24.30	9.33	15.20	-0.23
9.80	0.05	0.03	0.05	0.03	0.56	0.56	-0.89	-0.32	2.60	0.94	0.06	0.12	0.88	0.00	24.02	9.04	15.21	-0.23
9.81	0.05	0.03	0.05	0.03	0.59	0.59	-0.96	-0.32	2.79	0.93	0.06	0.13	0.87	0.00	23.74	8.74	15.23	-0.23
9.82	0.05	0.03	0.05	0.03	0.62	0.62	-1.04	-0.32	3.01	0.93	0.07	0.14	0.86	0.00	23.46	8.44	15.25	-0.23
9.83	0.05	0.03	0.05	0.03	0.65	0.65	-1.12	-0.32	3.26	0.92	0.07	0.15	0.85	0.00	23.17	8.13	15.26	-0.22
9.84	0.05	0.03	0.05	0.03	0.69	0.69	-1.21	-0.32	3.52	0.91	0.07	0.16	0.83	0.00	22.89	7.82	15.29	-0.22
9.85	0.05	0.04	0.05	0.04	0.73	0.73	-1.32	-0.32	3.82	0.91	0.07	0.17	0.82	0.01	22.60	7.51	15.31	-0.21
9.86	0.05	0.04	0.05	0.04	0.78	0.78	-1.43	-0.32	4.15	0.90	0.07	0.19	0.81	0.01	22.32	7.19	15.34	-0.21
9.87	0.05	0.04	0.05	0.04	0.84	0.84	-1.55	-0.32	4.50	0.89	0.08	0.20	0.79	0.01	22.04	6.88	15.37	-0.20
9.88	0.05	0.05	0.05	0.05	0.90	0.90	-1.69	-0.32	4.90	0.88	0.08	0.21	0.78	0.01	21.76	6.56	15.40	-0.20
9.89	0.05	0.05	0.05	0.05	0.98	0.98	-1.84	-0.32	5.33	0.87	0.08	0.23	0.76	0.01	21.49	6.25	15.44	-0.19
9.90	0.05	0.06	0.05	0.06	1.07	1.07	-2.00	-0.32	5.79	0.86	0.08	0.25	0.75	0.01	21.23	5.94	15.48	-0.19
9.91	0.05	0.06	0.05	0.06	1.17	1.17	-2.17	-0.32	6.29	0.85	0.09	0.27	0.73	0.01	20.99	5.64	15.53	-0.18
9.92	0.05	0.07	0.05	0.07	1.30	1.30	-2.36	-0.32	6.82	0.84	0.09	0.28	0.71	0.01	20.75	5.34	15.58	-0.17
9.93	0.05	0.07	0.05	0.07	1.46	1.46	-2.56	-0.32	7.38	0.83	0.09	0.30	0.69	0.01	20.54	5.07	15.63	-0.17
9.94	0.05	0.08	0.05	0.08	1.67	1.67	-2.76	-0.32	7.95	0.82	0.09	0.32	0.67	0.01	20.34	4.81	15.69	-0.16
9.95	0.04	0.08	0.04	0.08	1.94	1.94	-2.96	-0.32	8.52	0.81	0.10	0.34	0.65	0.01	20.17	4.57	15.75	-0.15
9.96	0.04	0.09	0.04	0.09	2.32	2.32	-3.16	-0.32	9.06	0.80	0.10	0.36	0.63	0.01	20.03	4.36	15.81	-0.15
9.97	0.03	0.09	0.03	0.09	2.88	2.88	-3.35	-0.32	9.56	0.79	0.10	0.37	0.62	0.01	19.90	4.18	15.86	-0.14
9.98	0.03	0.10	0.03	0.10	3.80	3.80	-3.51	-0.32	9.99	0.78	0.10	0.38	0.61	0.01	19.81	4.04	15.91	-0.14
9.99	0.02	0.10	0.02	0.10	5.58	5.58	-3.63	-0.32	10.33	0.77	0.10	0.39	0.60	0.01	19.74	3.93	15.95	-0.13
10.00	0.01	0.10	0.01	0.10	10.46	10.46	-3.72	-0.32	10.54	0.77	0.10	0.40	0.59	0.01	19.70	3.86	15.97	-0.13
10.01	0.00	0.11	0.00	0.11	83.53	83.53	-3.75	-0.32	10.63	0.77	0.10	0.40	0.59	0.01	19.68	3.83	15.98	-0.13
10.02	-0.01	0.10	-0.01	0.10	-13.97	-13.97	-3.73	-0.32	10.58	0.77	0.10	0.40	0.59	0.01	19.68	3.84	15.97	-0.13
10.03	-0.02	0.10	-0.02	0.10	-6.45	-6.45	-3.66	-0.32	10.40	0.77	0.10	0.40	0.59	0.01	19.71	3.89	15.95	-0.13
10.04	-0.02	0.10	-0.02	0.10	-4.19	-4.19	-3.55	-0.32	10.10	0.77	0.10	0.39	0.60	0.01	19.76	3.98	15.91	-0.13
10.05	-0.03	0.10	-0.03	0.10	-3.11	-3.11	-3.40	-0.32	9.70	0.78	0.10	0.38	0.61	0.01	19.83	4.11	15.86	-0.14
10.06	-0.04	0.09	-0.04	0.09	-2.47	-2.47	-3.22	-0.32	9.22	0.79	0.10	0.36	0.63	0.01	19.94	4.28	15.80	-0.14
10.07	-0.04	0.08	-0.04	0.08	-2.05	-2.05	-3.03	-0.32	8.69	0.80	0.10	0.35	0.64	0.01	20.06	4.47	15.74	-0.15
10.08	-0.05	0.08	-0.05	0.08	-1.75	-1.75	-2.83	-0.32	8.14	0.81	0.10	0.33	0.66	0.01	20.21	4.69	15.68	-0.16
10.09	-0.05	0.07	-0.05	0.07	-1.53	-1.53	-2.63	-0.32	7.58	0.82	0.09	0.31	0.68	0.01	20.38	4.93	15.61	-0.16
10.10	-0.05	0.07	-0.05	0.07	-1.36	-1.36	-2.43	-0.32	7.02	0.84	0.09	0.29	0.70	0.01	20.58	5.20	15.55	-0.17
10.11	-0.05	0.06	-0.05	0.06	-1.22	-1.22	-2.24	-0.32	6.49	0.85	0.09	0.28	0.72	0.01	20.79	5.47	15.49	-0.18
10.12	-0.05	0.06	-0.05	0.06	-1.11	-1.11	-2.07	-0.32	5.99	0.86	0.09	0.26	0.73	0.01	21.01	5.75	15.44	-0.18
10.13	-0.05	0.05	-0.05	0.05	-1.01	-1.01	-1.90	-0.32	5.52	0.87	0.08	0.24	0.75	0.01	21.25	6.05	15.39	-0.19
10.14	-0.05	0.05	-0.05	0.05	-0.94	-0.94	-1.75	-0.32	5.09	0.88	0.08	0.23	0.77	0.01	21.49	6.35	15.34	-0.20
10.15	-0.05	0.04	-0.05	0.04	-0.87	-0.87	-1.61	-0.32	4.69	0.89	0.08	0.21	0.78	0.01	21.75	6.65	15.30	-0.20
10.16	-0.05	0.04	-0.05	0.04	-0.81	-0.81	-1.49	-0.32	4.32	0.89	0.08	0.20	0.80	0.01	22.00	6.95	15.27	-0.21
10.17	-0.05	0.04	-0.05	0.04	-0.76	-0.76	-1.37	-0.32	3.99	0.90	0.08	0.18	0.81	0.01	22.26	7.25	15.23	-0.21
10.18	-0.05	0.04	-0.05	0.04	-0.72	-0.72	-1.27	-0.32	3.69	0.91	0.07	0.17	0.82	0.01	22.53	7.55	15.20	-0.22
10.19	-0.05	0.03	-0.05	0.03	-0.68	-0.68	-1.18	-0.32	3.41	0.91	0.07	0.16	0.84	0.00	22.79	7.84	15.17	-0.22
10.20	-0.05	0.03	-0.05	0.03	-0.64	-0.64	-1.09	-0.32	3.17	0.92	0.07	0.15	0.85	0.00	23.05	8.13	15.15	-0.23
10.21	-0.05	0.03	-0.05	0.03	-0.61	-0.61	-1.01	-0.32	2.94	0.93	0.07	0.14	0.86	0.00	23.31	8.42	15.12	-0.23
10.22	-0.04	0.03	-0.04	0.03	-0.58	-0.58	-0.94	-0.32	2.74	0.93	0.06	0.13	0.87	0.00	23.57	8.70	15.10	-0.24
10.23	-0.04	0.02	-0.04	0.02	-0.55	-0.55	-0.88	-0.32	2.55	0.93	0.06	0.12	0.87	0.00	23.82	8.98	15.08	-0.24
10.24	-0.04	0.02	-0.04	0.02	-0.53	-0.53	-0.82	-0.32	2.38	0.94	0.06	0.12	0.88	0.00	24.07	9.25	15.06	-0.24
10.25	-0.04	0.02	-0.04	0.02	-0.51	-0.51	-0.77	-0.32	2.23	0.94	0.06	0.11	0.89	0.00	24.32	9.52	15.05	-0.24
10.26	-0.04	0.02	-0.04	0.02	-0.49	-0.49	-0.72	-0.32	2.08	0.95	0.06	0.10	0.89	0.00	24.56	9.78	15.03	-0.25
10.27	-0.04	0.02	-0.04	0.02	-0.47	-0.47	-0.68	-0.32	1.96	0.95	0.06	0.10	0.90	0.00	24.80	10.03	15.02	-0.25
10.28	-0.04	0.02	-0.04	0.02	-0.45	-0.45	-0.63	-0.32	1.84	0.95	0.05	0.09	0.91	0.00	25.03	10.28	15.00	-0.25
10.29	-0.04	0.02	-0.04	0.02	-0.44	-0.44	-0.60	-0.32	1.73	0.95	0.05	0.09	0.91	0.00	25.26	10.53	14.99	-0.25
10.30	-0.04	0.02	-0.04	0.02	-0.42	-0.42	-0.56	-0.32	1.63	0.96	0.05	0.08	0.92	0.00	25.49	10.77	14.98	-0.26
10.31	-0.04	0.01	-0.04	0.01	-0.41	-0.41	-0.53	-0.32	1.54	0.96	0.05	0.08	0.92	0.00	25.71	11.00	14.97	-0.26
10.32	-0.03	0.01	-0.03	0.01	-0.39	-0.39	-0.50	-0.32	1.46	0.96	0.05	0.07	0.92	0.00	25.93	11.23	14.96	-0.26
10.33	-0.03	0.01	-0.03	0.01	-0.38	-0.38	-0.48	-0.32	1.38	0.96	0.05	0.07	0.93	0.00	26.14	11.45	14.95	-0.26
10.34	-0.03	0.01	-0.03	0.01	-0.37	-0.37	-0.45	-0.32	1.31	0.97	0.05	0.07	0.93	0.00	26.35	11.67	14.94	-0.26
10.35	-0.03	0.01	-0.03	0.01	-0.36	-0.36	-0.43	-0.32	1.24	0.97	0.05	0.06	0.94	0.00	26.55	11.89	14.93	-0.26
10.36	-0.03	0.01	-0.03	0.01	-0.35	-0.35	-0.41	-0.32	1.18	0.97	0.04	0.06	0.94	0.00	26.75	12.10	14.92	-0.27
10.37	-0.03	0.01	-0.03	0.01	-0.34	-0.34	-0.39	-0.32	1.12	0.97	0.04	0.06	0.94	0.00	26.95	12.30	14.92	-0.27
10.38	-0.03	0.01	-0.03	0.01	-0.33	-0.33	-0.37	-0.32	1.07	0.97	0.04	0.05	0.94	0.00	27.14	12.50	14.91	-0.27
10.39	-0.03	0.01	-0.03	0.01	-0.32	-0.32	-0.35	-0.32	1.02	0.97	0.04	0.05	0.95	0.00	27.33	12.70	14.90	-0.27
10.40	-0.03	0.01	-0.03	0.01	-0.31	-0.31	-0.34	-0.32	0.97	0.97	0.04	0.05	0.95	0.00	27.52	12.89	14.90	-0.27
10.41	-0.03	0.01	-0.03	0.01	-0.31	-0.31	-0.32	-0.32	0.93	0.98	0.04	0.05	0.95	0.00	27.70	13.08	14.89	-0.27
10.42	-0.03	0.01	-0.03	0.01	-0.30	-0.30	-0.31	-0.32	0.89	0.98	0.04	0.05	0.95	0.00	27.88	13.27	14.88	-0.27
10.43	-0.03	0.01	-0.03	0.01	-0.29	-0.29	-0.29	-0.32	0.85	0.98	0.04	0.04	0.95	0.00	28.05	13.45	14.88	-0.27
10.44	-0.03	0.01	-0.03	0.01	-0.28	-0.28	-0.28	-0.32	0.81	0.98	0.04	0.04	0.96	0.00	28.22	13.62	14.87	-0.27
10.45	-0.03	0.01	-0.03	0.01	-0.28	-0.28	-0.27	-0.32	0.78	0.98	0.04	0.04	0.96	0.00	28.39	13.80	14.87	-0.28
10.46	-0.03	0.01	-0.03	0.01	-0.27	-0.27	-0.26	-0.32	0.75	0.98	0.04	0.04	0.96	0.00	28.55	13.97	14.86	-0.28
10.47	-0.03	0.01	-0.03	0.01	-0.27	-0.27	-0.25	-0.32	0.72	0.98	0.04	0.04	0.96	0.00	28.72	14.14	14.86	-0.28
10.48	-0.02	0.01	-0.02	0.01	-0.26	-0.26	-0.24	-0.32	0.69	0.98	0.03	0.04	0.96	0.00	28.88	14.30	14.85	-0.28
10.49	-0.02	0.01	-0.02	0.01	-0.26	-0.26	-0.23	-0.32	0.66	0.98	0.03	0.03	0.96	0.00	29.03	14.47	14.85	-0.28
10.50	-0.02	0.01	-0.02	0.01	-0.25	-0.25	-0.22	-0.32	0.64	0.98	0.03	0.03	0.97	0.00	29.19	14.62	14.84	-0.28
10.51	-0.02	0.01	-0.02	0.01	-0.25	-0.25	-0.21	-0.32	0.62	0.98	0.03	0.03	0.97	0.00	29.34	14.78	14.84	-0.28
10.52	-0.02	0.01	-0.02	0.01	-0.24	-0.24	-0.21	-0.32	0.59	0.98	0.03	0.03	0.97	0.00	29.48	14.93	14.83	-0.28
10.53	-0.02	0.01	-0.02	0.01	-0.24	-0.24	-0.20	-0.32	0.57	0.98	0.03	0.03	0.97	0.00	29.63	15.08	14.83	-0.28
10.54	-0.02	0.01	-0.02	0.01	-0.23	-0.23	-0.19	-0.32	0.55	0.98	0.03	0.03	0.97	0.00	29.77	15.23	14.82	-0.28
10.55	-0.02	0.00	-0.02	0.00	-0.23	-0.23	-0.19	-0.32	0.53	0.99	0.03	0.03	0.97	0.00	29.91	15.38	14.82	-0.28
10.56	-0.02	0.00	-0.02	0.00	-0.22	-0.22	-0.18	-0.32	0.52	0.99	0.03	0.03	0.97	0.00	30.05	15.52	14.82	-0.28
10.57	-0.02	0.00	-0.02	0.00	-0.22	-0.22	-0.17	-0.32	0.50	0.99	0.03	0.03	0.97	0.00	30.19	15.66	14.81	-0.28
10.58	-0.02	0.00	-0.02	0.00	-0.22	-0.22	-0.17	-0.32	0.48	0.99	0.03	0.03	0.97	0.00	30.32	15.80	14.81	-0.28
10.59	-0.02	0.00	-0.02	0.00	-0.21	-0.21	-0.16	-0.32	0.47	0.99	0.03	0.02	0.97	0.00	30.45	15.94	14.80	-0.28
10.60	-0.02	0.00	-0.02	0.00	-0.21	-0.21	-0.16	-0.32	0.45	0.99	0.03	0.02	0.98	0.00	30.58	16.07	14.80	-0.29
10.61	-0.02	0.00	-0.02	0.00	-0.21	-0.21	-0.15	-0.32	0.44	0.99	0.03	0.02	0.98	0.00	30.71	16.20	14.80	-0.29
10.62	-0.02	0.00	-0.02	0.00	-0.20	-0.20	-0.15	-0.32	0.43	0.99	0.03	0.02	0.98	0.00	30.84	16.33	14.79	-0.29
10.63	-0.02	0.00	-0.02	0.00	-0.20	-0.20	-0.14	-0.32	0.41	0.99	0.03	0.02	0.98	0.00	30.96	16.46	14.79	-0.29
10.64	-0.02	0.00	-0.02	0.00	-0.20	-0.20	-0.14	-0.32	0.40	0.99	0.03	0.02	0.98	0.00	31.08	16.59	14.79	-0.29
10.65	-0.02	0.00	-0.02	0.00	-0.19	-0.19	-0.13	-0.32	0.39	0.99	0.03	0.02	0.98	0.00	31.20	16.71	14.78	-0.29
10.66	-0.02	0.00	-0.02	0.00	-0.19	-0.19	-0.13	-0.32	0.38	0.99	0.03	0.02	0.98	0.00	31.32	16.83	14.78	-0.29
10.67	-0.02	0.00	-0.02	0.00	-0.19	-0.19	-0.13	-0.32	0.37	0.99	0.03	0.02	0.98	0.00	31.44	16.95	14.78	-0.29
10.68	-0.02	0.00	-0.02	0.00	-0.18	-0.18	-0.12	-0.32	0.36	0.99	0.03	0.02	0.98	0.00	31.56	17.07	14.77	-0.29
10.69	-0.02	0.00	-0.02	0.00	-0.18	-0.18	-0.12	-0.32	0.35	0.99	0.03	0.02	0.98	0.00	31.67	17.19	14.77	-0.29
10.70	-0.02	0.00	-0.02	0.00	-0.18	-0.18	-0.12	-0.32	0.34	0.99	0.02	0.02	0.98	0.00	31.78	17.30	14.77	-0.29
10.71	-0.02	0.00	-0.02	0.00	-0.18	-0.18	-0.11	-0.32	0.33	0.99	0.02	0.02	0.98	0.00	31.89	17.42	14.76	-0.29
10.72	-0.02	0.00	-0.02	0.00	-0.17	-0.17	-0.11	-0.32	0.32	0.99	0.02	0.02	0.98	0.00	32.00	17.53	14.76	-0.29
10.73	-0.02	0.00	-0.02	0.00	-0.17	-0.17	-0.11	-0.32	0.31	0.99	0.02	0.02	0.98	0.00	32.11	17.64	14.76	-0.29
10.74	-0.02	0.00	-0.02	0.00	-0.17	-0.17	-0.11	-0.32	0.30	0.99	0.02	0.02	0.98	0.00	32.21	17.75	14.75	-0.29
10.75	-0.02	0.00	-0.02	0.00	-0.17	-0.17	-0.10	-0.32	0.30	0.99	0.02	0.02	0.98	0.00	32.32	17.86	14.75	-0.29
10.76	-0.02	0.00	-0.02	0.00	-0.17	-0.17	-0.10	-0.32	0.29	0.99	0.02	0.02	0.98	0.00	32.42	17.96	14.75	-0.29
10.77	-0.02	0.00	-0.02	0.00	-0.16	-0.16	-0.10	-0.32	0.28	0.99	0.02	0.02	0.98	0.00	32.52	18.07	14.74	-0.29
10.78	-0.02	0.00	-0.02	0.00	-0.16	-0.16	-0.10	-0.32	0.27	0.99	0.02	0.01	0.98	0.00	32.62	18.17	14.74	-0.29
10.79	-0.02	0.00	-0.02	0.00	-0.16	-0.16	-0.09	-0.32	0.27	0.99	0.02	0.01	0.99	0.00	32.72	18.28	14.74	-0.29
10.80	-0.02	0.00	-0.02	0.00	-0.16	-0.16	-0.09	-0.32	0.26	0.99	0.02	0.01	0.99	0.00	32.82	18.38	14.74	-0.29
10.81	-0.01	0.00	-0.01	0.00	-0.16	-0.16	-0.09	-0.32	0.26	0.99	0.02	0.01	0.99	0.00	32.92	18.48	14.73	-0.29
10.82	-0.01	0.00	-0.01	0.00	-0.15	-0.15	-0.09	-0.32	0.25	0.99	0.02	0.01	0.99	0.00	33.01	18.57	14.73	-0.29
10.83	-0.01	0.00	-0.01	0.00	-0.15	-0.15	-0.08	-0.32	0.24	0.99	0.02	0.01	0.99	0.00	33.11	18.67	14.73	-0.29
10.84	-0.01	0.00	-0.01	0.00	-0.15	-0.15	-0.08	-0.32	0.24	0.99	0.02	0.01	0.99	0.00	33.20	18.77	14.72	-0.29
10.85	-0.01	0.00	-0.01	0.00	-0.15	-0.15	-0.08	-0.32	0.23	0.99	0.02	0.01	0.99	0.00	33.29	18.86	14.72	-0.29
10.86	-0.01	0.00	-0.01	0.00	-0.15	-0.15	-0.08	-0.32	0.23	0.99	0.02	0.01	0.99	0.00	33.38	18.96	14.72	-0.29
10.87	-0.01	0.00	-0.01	0.00	-0.15	-0.15	-0.08	-0.32	0.22	0.99	0.02	0.01	0.99	0.00	33.47	19.05	14.72	-0.29
10.88	-0.01	0.00	-0.01	0.00	-0.14	-0.14	-0.08	-0.32	0.22	0.99	0.02	0.01	0.99	0.00	33.56	19.14	14.71	-0.29
10.89	-0.01	0.00	-0.01	0.00	-0.14	-0.14	-0.07	-0.32	0.21	0.99	0.02	0.01	0.99	0.00	33.65	19.23	14.71	-0.29
10.90	-0.01	0.00	-0.01	0.00	-0.14	-0.14	-0.07	-0.32	0.21	0.99	0.02	0.01	0.99	0.00	33.74	19.32	14.71	-0.30
10.91	-0.01	0.00	-0.01	0.00	-0.14	-0.14	-0.07	-0.32	0.20	0.99	0.02	0.01	0.99	0.00	33.82	19.41	14.71	-0.30
10.92	-0.01	0.00	-0.01	0.00	-0.14	-0.14	-0.07	-0.32	0.20	0.99	0.02	0.01	0.99	0.00	33.91	19.50	14.70	-0.30
10.93	-0.01	0.00	-0.01	0.00	-0.14	-0.14	-0.07	-0.32	0.20	0.99	0.02	0.01	0.99	0.00	33.99	19.59	14.70	-0.30
10.94	-0.01	0.00	-0.01	0.00	-0.13	-0.13	-0.07	-0.32	0.19	0.99	0.02	0.01	0.99	0.00	34.07	19.67	14.70	-0.30
10.95	-0.01	0.00	-0.01	0.00	-0.13	-0.13	-0.07	-0.32	0.19	0.99	0.02	0.01	0.99	0.00	34.16	19.76	14.70	-0.30
10.96	-0.01	0.00	-0.01	0.00	-0.13	-0.13	-0.06	-0.32	0.18	0.99	0.02	0.01	0.99	0.00	34.24	19.84	14.69	-0.30
10.97	-0.01	0.00	-0.01	0.00	-0.13	-0.13	-0.06	-0.32	0.18	0.99	0.02	0.01	0.99	0.00	34.32	19.92	14.69	-0.30
10.98	-0.01	0.00	-0.01	0.00	-0.13	-0.13	-0.06	-0.32	0.18	0.99	0.02	0.01	0.99	0.00	34.40	20.00	14.69	-0.30
10.99	-0.01	0.00	-0.01	0.00	-0.13	-0.13	-0.06	-0.32	0.17	1.00	0.02	0.01	0.99	0.00	34.48	20.09	14.69	-0.30
11.00	-0.01	0.00	-0.01	0.00	-0.13	-0.13	-0.06	-0.32	0.17	1.00	0.02	0.01	0.99	0.00	34.55	20.17	14.68	-0.30
11.01	-0.01	0.00	-0.01	0.00	-0.13	-0.13	-0.06	-0.32	0.17	1.00	0.02	0.01	0.99	0.00	34.63	20.25	14.68	-0.30
11.02	-0.01	0.00	-0.01	0.00	-0.12	-0.12	-0.06	-0.32	0.16	1.00	0.02	0.01	0.99	0.00	34.71	20.33	14.68	-0.30
11.03	-0.01	0.00	-0.01	0.00	-0.12	-0.12	-0.06	-0.32	0.16	1.00	0.02	0.01	0.99	0.00	34.78	20.40	14.68	-0.30
11.04	-0.01	0.00	-0.01	0.00	-0.12	-0.12	-0.06	-0.32	0.16	1.00	0.02	0.01	0.99	0.00	34.86	20.48	14.67	-0.30
11.05	-0.01	0.00	-0.01	0.00	-0.12	-0.12	-0.05	-0.32	0.16	1.00	0.02	0.01	0.99	0.00	34.93	20.56	14.67	-0.30
11.06	-0.01	0.00	-0.01	0.00	-0.12	-0.12	-0.05	-0.32	0.15	1.00	0.02	0.01	0.99	0.00	35.00	20.63	14.67	-0.30
11.07	-0.01	0.00	-0.01	0.00	-0.12	-0.12	-0.05	-0.32	0.15	1.00	0.02	0.01	0.99	0.00	35.08	20.71	14.67	-0.30
11.08	-0.01	0.00	-0.01	0.00	-0.12	-0.12	-0.05	-0.32	0.15	1.00	0.02	0.01	0.99	0.00	35.15	20.78	14.67	-0.30
11.09	-0.01	0.00	-0.01	0.00	-0.12	-0.12	-0.05	-0.32	0.14	1.00	0.02	0.01	0.99	0.00	35.22	20.86	14.66	-0.30
11.10	-0.01	0.00	-0.01	0.00	-0.12	-0.12	-0.05	-0.32	0.14	1.00	0.02	0.01	0.99	0.00	35.29	20.93	14.66	-0.30
11.11	-0.01	0.00	-0.01	0.00	-0.11	-0.11	-0.05	-0.32	0.14	1.00	0.02	0.01	0.99	0.00	35.36	21.00	14.66	-0.30
11.12	-0.01	0.00	-0.01	0.00	-0.11	-0.11	-0.05	-0.32	0.14	1.00	0.02	0.01	0.99	0.00	35.43	21.07	14.66	-0.30
11.13	-0.01	0.00	-0.01	0.00	-0.11	-0.11	-0.05	-0.32	0.14	1.00	0.02	0.01	0.99	0.00	35.50	21.14	14.65	-0.30
11.14	-0.01	0.00	-0.01	0.00	-0.11	-0.11	-0.05	-0.32	0.13	1.00	0.02	0.01	0.99	0.00	35.57	21.21	14.65	-0.30
11.15	-0.01	0.00	-0.01	0.00	-0.11	-0.11	-0.05	-0.32	0.13	1.00	0.02	0.01	0.99	0.00	35.63	21.28	14.65	-0.30
11.16	-0.01	0.00	-0.01	0.00	-0.11	-0.11	-0.04	-0.32	0.13	1.00	0.02	0.01	0.99	0.00	35.70	21.35	14.65	-0.30
11.17	-0.01	0.00	-0.01	0.00	-0.11	-0.11	-0.04	-0.32	0.13	1.00	0.02	0.01	0.99	0.00	35.77	21.42	14.65	-0.30
11.18	-0.01	0.00	-0.01	0.00	-0.11	-0.11	-0.04	-0.32	0.12	1.00	0.02	0.01	0.99	0.00	35.83	21.49	14.64	-0.30
11.19	-0.01	0.00	-0.01	0.00	-0.11	-0.11	-0.04	-0.32	0.12	1.00	0.02	0.01	0.99	0.00	35.90	21.56	14.64	-0.30
11.20	-0.01	0.00	-0.01	0.00	-0.11	-0.11	-0.04	-0.32	0.12	1.00	0.02	0.01	0.99	0.00	35.96	21.62	14.64	-0.30
11.21	-0.01	0.00	-0.01	0.00	-0.11	-0.11	-0.04	-0.32	0.12	1.00	0.02	0.01	0.99	0.00	36.02	21.69	14.64	-0.30
11.22	-0.01	0.00	-0.01	0.00	-0.10	-0.10	-0.04	-0.32	0.12	1.00	0.02	0.01	0.99	0.00	36.09	21.75	14.64	-0.30
11.23	-0.01	0.00	-0.01	0.00	-0.10	-0.10	-0.04	-0.32	0.12	1.00	0.02	0.01	0.99	0.00	36.15	21.82	14.63	-0.30
11.24	-0.01	0.00	-0.01	0.00	-0.10	-0.10	-0.04	-0.32	0.11	1.00	0.01	0.01	0.99	0.00	36.21	21.88	14.63	-0.30
11.25	-0.01	0.00	-0.01	0.00	-0.10	-0.10	-0.04	-0.32	0.11	1.00	0.01	0.01	0.99	0.00	36.27	21.95	14.63	-0.30
11.26	-0.01	0.00	-0.01	0.00	-0.10	-0.10	-0.04	-0.32	0.11	1.00	0.01	0.01	0.99	0.00	36.33	22.01	14.63	-0.30
11.27	-0.01	0.00	-0.01	0.00	-0.10	-0.10	-0.04	-0.32	0.11	1.00	0.01	0.01	0.99	0.00	36.39	22.07	14.62	-0.30
11.28	-0.01	0.00	-0.01	0.00	-0.10	-0.10	-0.04	-0.32	0.11	1.00	0.01	0.01	0.99	0.00	36.45	22.13	14.62	-0.30
11.29	-0.01	0.00	-0.01	0.00	-0.10	-0.10	-0.04	-0.32	0.11	1.00	0.01	0.01	0.99	0.00	36.51	22.20	14.62	-0.30
11.30	-0.01	0.00	-0.01	0.00	-0.10	-0.10	-0.04	-0.32	0.10	1.00	0.01	0.01	0.99	0.00	36.57	22.26	14.62	-0.30
11.31	-0.01	0.00	-0.01	0.00	-0.10	-0.10	-0.04	-0.32	0.10	1.00	0.01	0.01	0.99	0.00	36.63	22.32	14.62	-0.30
11.32	-0.01	0.00	-0.01	0.00	-0.10	-0.10	-0.03	-0.32	0.10	1.00	0.01	0.01	0.99	0.00	36.69	22.38	14.61	-0.30
11.33	-0.01	0.00	-0.01	0.00	-0.10	-0.10	-0.03	-0.32	0.10	1.00	0.01	0.01	0.99	0.00	36.75	22.44	14.61	-0.30
11.34	-0.01	0.00	-0.01	0.00	-0.10	-0.10	-0.03	-0.32	0.10	1.00	0.01	0.01	0.99	0.00	36.80	22.50	14.61	-0.30
11.35	-0.01	0.00	-0.01	0.00	-0.09	-0.09	-0.03	-0.32	0.10	1.00	0.01	0.01	0.99	0.00	36.86	22.56	14.61	-0.30
11.36	-0.01	0.00	-0.01	0.00	-0.09	-0.09	-0.03	-0.32	0.10	1.00	0.01	0.01	0.99	0.00	36.92	22.61	14.61	-0.30
11.37	-0.01	0.00	-0.01	0.00	-0.09	-0.09	-0.03	-0.32	0.09	1.00	0.01	0.01	0.99	0.00	36.97	22.67	14.60	-0.30
11.38	-0.01	0.00	-0.01	0.00	-0.09	-0.09	-0.03	-0.32	0.09	1.00	0.01	0.01	0.99	0.00	37.03	22.73	14.60	-0.30
11.39	-0.01	0.00	-0.01	0.00	-0.09	-0.09	-0.03	-0.32	0.09	1.00	0.01	0.01	0.99	0.00	37.08	22.79	14.60	-0.30
11.40	-0.01	0.00	-0.01	0.00	-0.09	-0.09	-0.03	-0.32	0.09	1.00	0.01	0.01	0.99	0.00	37.14	22.84	14.60	-0.30
11.41	-0.01	0.00	-0.01	0.00	-0.09	-0.09	-0.03	-0.32	0.09	1.00	0.01	0.00	0.99	0.00	37.19	22.90	14.60	-0.31
11.42	-0.01	0.00	-0.01	0.00	-0.09	-0.09	-0.03	-0.32	0.09	1.00	0.01	0.00	0.99	0.00	37.25	22.96	14.60	-0.31
11.43	-0.01	0.00	-0.01	0.00	-0.09	-0.09	-0.03	-0.32	0.09	1.00	0.01	0.00	1.00	0.00	37.30	23.01	14.59	-0.31
11.44	-0.01	0.00	-0.01	0.00	-0.09	-0.09	-0.03	-0.32	0.09	1.00	0.01	0.00	1.00	0.00	37.35	23.07	14.59	-0.31
11.45	-0.01	0.00	-0.01	0.00	-0.09	-0.09	-0.03	-0.32	0.08	1.00	0.01	0.00	1.00	0.00	37.40	23.12	14.59	-0.31
11.46	-0.01	0.00	-0.01	0.00	-0.09	-0.09	-0.03	-0.32	0.08	1.00	0.01	0.00	1.00	0.00	37.46	23.17	14.59	-0.31
11.47	-0.01	0.00	-0.01	0.00	-0.09	-0.09	-0.03	-0.32	0.08	1.00	0.01	0.00	1.00	0.00	37.51	23.23	14.59	-0.31
11.48	-0.01	0.00	-0.01	0.00	-0.09	-0.09	-0.03	-0.32	0.08	1.00	0.01	0.00	1.00	0.00	37.56	23.28	14.58	-0.31
11.49	-0.01	0.00	-0.01	0.00	-0.09	-0.09	-0.03	-0.32	0.08	1.00	0.01	0.00	1.00	0.00	37.61	23.33	14.58	-0.31
11.50	-0.01	0.00	-0.01	0.00	-0.09	-0.09	-0.03	-0.32	0.08	1.00	0.01	0.00	1.00	0.00	37.66	23.39	14.58	-0.31
11.51	-0.01	0.00	-0.01	0.00	-0.09	-0.09	-0.03	-0.32	0.08	1.00	0.01	0.00	1.00	0.00	37.71	23.44	14.58	-0.31
11.52	-0.01	0.00	-0.01	0.00	-0.08	-0.08	-0.03	-0.32	0.08	1.00	0.01	0.00	1.00	0.00	37.76	23.49	14.58	-0.31
11.53	-0.01	0.00	-0.01	0.00	-0.08	-0.08	-0.03	-0.32	0.08	1.00	0.01	0.00	1.00	0.00	37.81	23.54	14.57	-0.31
11.54	-0.01	0.00	-0.01	0.00	-0.08	-0.08	-0.03	-0.32	0.08	1.00	0.01	0.00	1.00	0.00	37.86	23.59	14.57	-0.31
11.55	-0.01	0.00	-0.01	0.00	-0.08	-0.08	-0.03	-0.32	0.07	1.00	0.01	0.00	1.00	0.00	37.91	23.64	14.57	-0.31
11.56	-0.01	0.00	-0.01	0.00	-0.08	-0.08	-0.03	-0.32	0.07	1.00	0.01	0.00	1.00	0.00	37.96	23.69	14.57	-0.31
11.57	-0.01	0.00	-0.01	0.00	-0.08	-0.08	-0.03	-0.32	0.07	1.00	0.01	0.00	1.00	0.00	38.00	23.75	14.57	-0.31
11.58	-0.01	0.00	-0.01	0.00	-0.08	-0.08	-0.02	-0.32	0.07	1.00	0.01	0.00	1.00	0.00	38.05	23.79	14.57	-0.31
11.59	-0.01	0.00	-0.01	0.00	-0.08	-0.08	-0.02	-0.32	0.07	1.00	0.01	0.00	1.00	0.00	38.10	23.84	14.56	-0.31
11.60	-0.01	0.00	-0.01	0.00	-0.08	-0.08	-0.02	-0.32	0.07	1.00	0.01	0.00	1.00	0.00	38.15	23.89	14.56	-0.31
11.61	-0.01	0.00	-0.01	0.00	-0.08	-0.08	-0.02	-0.32	0.07	1.00	0.01	0.00	1.00	0.00	38.19	23.94	14.56	-0.31
11.62	-0.01	0.00	-0.01	0.00	-0.08	-0.08	-0.02	-0.32	0.07	1.00	0.01	0.00	1.00	0.00	38.24	23.99	14.56	-0.31
11.63	-0.01	0.00	-0.01	0.00	-0.08	-0.08	-0.02	-0.32	0.07	1.00	0.01	0.00	1.00	0.00	38.29	24.04	14.56	-0.31
11.64	-0.01	0.00	-0.01	0.00	-0.08	-0.08	-0.02	-0.32	0.07	1.00	0.01	0.00	1.00	0.00	38.33	24.09	14.56	-0.31
11.65	-0.01	0.00	-0.01	0.00	-0.08	-0.08	-0.02	-0.32	0.07	1.00	0.01	0.00	1.00	0.00	38.38	24.13	14.55	-0.31
11.66	-0.01	0.00	-0.01	0.00	-0.08	-0.08	-0.02	-0.32	0.07	1.00	0.01	0.00	1.00	0.00	38.42	24.18	14.55	-0.31
11.67	-0.01	0.00	-0.01	0.00	-0.08	-0.08	-0.02	-0.32	0.06	1.00	0.01	0.00	1.00	0.00	38.47	24.23	14.55	-0.31
11.68	-0.01	0.00	-0.01	0.00	-0.08	-0.08	-0.02	-0.32	0.06	1.00	0.01	0.00	1.00	0.00	38.51	24.27	14.55	-0.31
11.69	-0.01	0.00	-0.01	0.00	-0.08	-0.08	-0.02	-0.32	0.06	1.00	0.01	0.00	1.00	0.00	38.56	24.32	14.55	-0.31
11.70	-0.01	0.00	-0.01	0.00	-0.08	-0.08	-0.02	-0.32	0.06	1.00	0.01	0.00	1.00	0.00	38.60	24.37	14.54	-0.31
11.71	-0.01	0.00	-0.01	0.00	-0.08	-0.08	-0.02	-0.32	0.06	1.00	0.01	0.00	1.00	0.00	38.65	24.41	14.54	-0.31
11.72	-0.01	0.00	-0.01	0.00	-0.08	-0.08	-0.02	-0.32	0.06	1.00	0.01	0.00	1.00	0.00	38.69	24.46	14.54	-0.31
11.73	-0.01	0.00	-0.01	0.00	-0.08	-0.08	-0.02	-0.32	0.06	1.00	0.01	0.00	1.00	0.00	38.73	24.50	14.54	-0.31
11.74	-0.01	0.00	-0.01	0.00	-0.07	-0.07	-0.02	-0.32	0.06	1.00	0.01	0.00	1.00	0.00	38.78	24.55	14.54	-0.31
11.75	-0.01	0.00	-0.01	0.00	-0.07	-0.07	-0.02	-0.32	0.06	1.00	0.01	0.00	1.00	0.00	38.82	24.59	14.54	-0.31
11.76	-0.01	0.00	-0.01	0.00	-0.07	-0.07	-0.02	-0.32	0.06	1.00	0.01	0.00	1.00	0.00	38.86	24.64	14.53	-0.31
11.77	-0.01	0.00	-0.01	0.00	-0.07	-0.07	-0.02	-0.32	0.06	1.00	0.01	0.00	1.00	0.00	38.90	24.68	14.53	-0.31
11.78	-0.01	0.00	-0.01	0.00	-0.07	-0.07	-0.02	-0.32	0.06	1.00	0.01	0.00	1.00	0.00	38.95	24.73	14.53	-0.31
11.79	-0.01	0.00	-0.01	0.00	-0.07	-0.07	-0.02	-0.32	0.06	1.00	0.01	0.00	1.00	0.00	38.99	24.77	14.53	-0.31
11.80	-0.01	0.00	-0.01	0.00	-0.07	-0.07	-0.02	-0.32	0.06	1.00	0.01	0.00	1.00	0.00	39.03	24.81	14.53	-0.31
11.81	-0.01	0.00	-0.01	0.00	-0.07	-0.07	-0.02	-0.32	0.06	1.00	0.01	0.00	1.00	0.00	39.07	24.86	14.53	-0.31
11.82	-0.01	0.00	-0.01	0.00	-0.07	-0.07	-0.02	-0.32	0.06	1.00	0.01	0.00	1.00	0.00	39.11	24.90	14.52	-0.31
11.83	-0.01	0.00	-0.01	0.00	-0.07	-0.07	-0.02	-0.32	0.05	1.00	0.01	0.00	1.00	0.00	39.15	24.94	14.52	-0.31
11.84	-0.01	0.00	-0.01	0.00	-0.07	-0.07	-0.02	-0.32	0.05	1.00	0.01	0.00	1.00	0.00	39.19	24.98	14.52	-0.31
11.85	-0.01	0.00	-0.01	0.00	-0.07	-0.07	-0.02	-0.32	0.05	1.00	0.01	0.00	1.00	0.00	39.23	25.02	14.52	-0.31
11.86	-0.01	0.00	-0.01	0.00	-0.07	-0.07	-0.02	-0.32	0.05	1.00	0.01	0.00	1.00	0.00	39.27	25.07	14.52	-0.31
11.87	-0.01	0.00	-0.01	0.00	-0.07	-0.07	-0.02	-0.32	0.05	1.00	0.01	0.00	1.00	0.00	39.31	25.11	14.52	-0.31
11.88	-0.01	0.00	-0.01	0.00	-0.07	-0.07	-0.02	-0.32	0.05	1.00	0.01	0.00	1.00	0.00	39.35	25.15	14.52	-0.31
11.89	-0.01	0.00	-0.01	0.00	-0.07	-0.07	-0.02	-0.32	0.05	1.00	0.01	0.00	1.00	0.00	39.39	25.19	14.51	-0.31
11.90	-0.01	0.00	-0.01	0.00	-0.07	-0.07	-0.02	-0.32	0.05	1.00	0.01	0.00	1.00	0.00	39.43	25.23	14.51	-0.31
11.91	-0.01	0.00	-0.01	0.00	-0.07	-0.07	-0.02	-0.32	0.05	1.00	0.01	0.00	1.00	0.00	39.47	25.27	14.51	-0.31
11.92	-0.01	0.00	-0.01	0.00	-0.07	-0.07	-0.02	-0.32	0.05	1.00	0.01	0.00	1.00	0.00	39.51	25.31	14.51	-0.31
11.93	-0.01	0.00	-0.01	0.00	-0.07	-0.07	-0.02	-0.32	0.05	1.00	0.01	0.00	1.00	0.00	39.55	25.35	14.51	-0.31
11.94	-0.01	0.00	-0.01	0.00	-0.07	-0.07	-0.02	-0.32	0.05	1.00	0.01	0.00	1.00	0.00	39.59	25.39	14.51	-0.31
11.95	-0.01	0.00	-0.01	0.00	-0.07	-0.07	-0.02	-0.32	0.05	1.00	0.01	0.00	1.00	0.00	39.62	25.43	14.50	-0.31
11.96	-0.01	0.00	-0.01	0.00	-0.07	-0.07	-0.02	-0.32	0.05	1.00	0.01	0.00	1.00	0.00	39.66	25.47	14.50	-0.31
11.97	-0.01	0.00	-0.01	0.00	-0.07	-0.07	-0.02	-0.32	0.05	1.00	0.01	0.00	1.00	0.00	39.70	25.51	14.50	-0.31
11.98	-0.01	0.00	-0.01	0.00	-0.07	-0.07	-0.02	-0.32	0.05	1.00	0.01	0.00	1.00	0.00	39.74	25.55	14.50	-0.31
11.99	-0.01	0.00	-0.01	0.00	-0.07	-0.07	-0.02	-0.32	0.05	1.00	0.01	0.00	1.00	0.00	39.77	25.59	14.50	-0.31
12.00	-0.01	0.00	-0.01	0.00	-0.07	-0.07	-0.02	-0.32	0.05	1.00	0.01	0.00	1.00	0.00	39.81	25.63	14.50	-0.31
12.01	-0.01	0.00	-0.01	0.00	-0.07	-0.07	-0.02	-0.32	0.05	1.00	0.01	0.00	1.00	0.00	39.85	25.67	14.49	-0.31
12.02	-0.01	0.00	-0.01	0.00	-0.06	-0.06	-0.02	-0.32	0.05	1.00	0.01	0.00	1.00	0.00	39.88	25.70	14.49	-0.31
12.03	-0.01	0.00	-0.01	0.00	-0.06	-0.06	-0.02	-0.32	0.05	1.00	0.01	0.00	1.00	0.00	39.92	25.74	14.49	-0.31
12.04	-0.01	0.00	-0.01	0.00	-0.06	-0.06	-0.02	-0.32	0.04	1.00	0.01	0.00	1.00	0.00	39.96	25.78	14.49	-0.31
12.05	-0.01	0.00	-0.01	0.00	-0.06	-0.06	-0.02	-0.32	0.04	1.00	0.01	0.00	1.00	0.00	39.99	25.82	14.49	-0.31
12.06	-0.01	0.00	-0.01	0.00	-0.06	-0.06	-0.02	-0.32	0.04	1.00	0.01	0.00	1.00	0.00	40.03	25.86	14.49	-0.31
12.07	-0.01	0.00	-0.01	0.00	-0.06	-0.06	-0.02	-0.32	0.04	1.00	0.01	0.00	1.00	0.00	40.06	25.89	14.49	-0.31
12.08	-0.01	0.00	-0.01	0.00	-0.06	-0.06	-0.01	-0.32	0.04	1.00	0.01	0.00	1.00	0.00	40.10	25.93	14.48	-0.31
12.09	-0.01	0.00	-0.01	0.00	-0.06	-0.06	-0.01	-0.32	0.04	1.00	0.01	0.00	1.00	0.00	40.14	25.97	14.48	-0.31
12.10	-0.01	0.00	-0.01	0.00	-0.06	-0.06	-0.01	-0.32	0.04	1.00	0.01	0.00	1.00	0.00	40.17	26.00	14.48	-0.31
12.11	-0.01	0.00	-0.01	0.00	-0.06	-0.06	-0.01	-0.32	0.04	1.00	0.01	0.00	1.00	0.00	40.21	26.04	14.48	-0.31
12.12	-0.01	0.00	-0.01	0.00	-0.06	-0.06	-0.01	-0.32	0.04	1.00	0.01	0.00	1.00	0.00	40.24	26.08	14.48	-0.31
12.13	-0.01	0.00	-0.01	0.00	-0.06	-0.06	-0.01	-0.32	0.04	1.00	0.01	0.00	1.00	0.00	40.27	26.11	14.48	-0.31
12.14	-0.01	0.00	-0.01	0.00	-0.06	-0.06	-0.01	-0.32	0.04	1.00	0.01	0.00	1.00	0.00	40.31	26.15	14.48	-0.31
12.15	-0.01	0.00	-0.01	0.00	-0.06	-0.06	-0.01	-0.32	0.04	1.00	0.01	0.00	1.00	0.00	40.34	26.18	14.47	-0.31
12.16	-0.01	0.00	-0.01	0.00	-0.06	-0.06	-0.01	-0.32	0.04	1.00	0.01	0.00	1.00	0.00	40.38	26.22	14.47	-0.32
12.17	-0.01	0.00	-0.01	0.00	-0.06	-0.06	-0.01	-0.32	0.04	1.00	0.01	0.00	1.00	0.00	40.41	26.25	14.47	-0.32
12.18	-0.01	0.00	-0.01	0.00	-0.06	-0.06	-0.01	-0.32	0.04	1.00	0.01	0.00	1.00	0.00	40.44	26.29	14.47	-0.32
12.19	-0.01	0.00	-0.01	0.00	-0.06	-0.06	-0.01	-0.32	0.04	1.00	0.01	0.00	1.00	0.00	40.48	26.32	14.47	-0.32
12.20	-0.01	0.00	-0.01	0.00	-0.06	-0.06	-0.01	-0.32	0.04	1.00	0.01	0.00	1.00	0.00	40.51	26.36	14.47	-0.32
12.21	-0.01	0.00	-0.01	0.00	-0.06	-0.06	-0.01	-0.32	0.04	1.00	0.01	0.00	1.00	0.00	40.54	26.39	14.47	-0.32
12.22	-0.01	0.00	-0.01	0.00	-0.06	-0.06	-0.01	-0.32	0.04	1.00	0.01	0.00	1.00	0.00	40.58	26.43	14.46	-0.32
12.23	-0.01	0.00	-0.01	0.00	-0.06	-0.06	-0.01	-0.32	0.04	1.00	0.01	0.00	1.00	0.00	40.61	26.46	14.46	-0.32
12.24	-0.01	0.00	-0.01	0.00	-0.06	-0.06	-0.01	-0.32	0.04	1.00	0.01	0.00	1.00	0.00	40.64	26.50	14.46	-0.32
12.25	-0.01	0.00	-0.01	0.00	-0.06	-0.06	-0.01	-0.32	0.04	1.00	0.01	0.00	1.00	0.00	40.68	26.53	14.46	-0.32
12.26	-0.01	0.00	-0.01	0.00	-0.06	-0.06	-0.01	-0.32	0.04	1.00	0.01	0.00	1.00	0.00	40.71	26.57	14.46	-0.32
12.27	-0.00	0.00	-0.00	0.00	-0.06	-0.06	-0.01	-0.32	0.04	1.00	0.01	0.00	1.00	0.00	40.74	26.60	14.46	-0.32
12.28	-0.00	0.00	-0.00	0.00	-0.06	-0.06	-0.01	-0.32	0.04	1.00	0.01	0.00	1.00	0.00	40.77	26.63	14.46	-0.32
12.29	-0.00	0.00	-0.00	0.00	-0.06	-0.06	-0.01	-0.32	0.04	1.00	0.01	0.00	1.00	0.00	40.80	26.67	14.45	-0.32
12.30	-0.00	0.00	-0.00	0.00	-0.06	-0.06	-0.01	-0.32	0.04	1.00	0.01	0.00	1.00	0.00	40.84	26.70	14.45	-0.32
12.31	-0.00	0.00	-0.00	0.00	-0.06	-0.06	-0.01	-0.32	0.04	1.00	0.01	0.00	1.00	0.00	40.87	26.73	14.45	-0.32
12.32	-0.00	0.00	-0.00	0.00	-0.06	-0.06	-0.01	-0.32	0.04	1.00	0.01	0.00	1.00	0.00	40.90	26.77	14.45	-0.32
12.33	-0.00	0.00	-0.00	0.00	-0.06	-0.06	-0.01	-0.32	0.03	1.00	0.01	0.00	1.00	0.00	40.93	26.80	14.45	-0.32
12.34	-0.00	0.00	-0.00	0.00	-0.06	-0.06	-0.01	-0.32	0.03	1.00	0.01	0.00	1.00	0.00	40.96	26.83	14.45	-0.32
12.35	-0.00	0.00	-0.00	0.00	-0.06	-0.06	-0.01	-0.32	0.03	1.00	0.01	0.00	1.00	0.00	40.99	26.86	14.45	-0.32
12.36	-0.00	0.00	-0.00	0.00	-0.06	-0.06	-0.01	-0.32	0.03	1.00	0.01	0.00	1.00	0.00	41.02	26.90	14.44	-0.32
12.37	-0.00	0.00	-0.00	0.00	-0.06	-0.06	-0.01	-0.32	0.03	1.00	0.01	0.00	1.00	0.00	41.05	26.93	14.44	-0.32
12.38	-0.00	0.00	-0.00	0.00	-0.06	-0.06	-0.01	-0.32	0.03	1.00	0.01	0.00	1.00	0.00	41.08	26.96	14.44	-0.32
12.39	-0.00	0.00	-0.00	0.00	-0.06	-0.06	-0.01	-0.32	0.03	1.00	0.01	0.00	1.00	0.00	41.12	26.99	14.44	-0.32
